data/gardner18po_fig2a.asc
ncols 361
nrows 171
xllcorner -180.5
yllcorner -80.5
cellsize 1
nodata_value 1.7014100000000001E+038
[rows 114 to 132 of 171, columns 126 to 167 of 361]
1.7014100000000001E+038 1.7014100000000001E+038 1.7014100000000001E+038 1.7014100000000001E+038 1.7014100000000001E+038 1.7014100000000001E+038 1.7014100000000001E+038 1.7014100000000001E+038 1.7014100000000001E+038 3.7017591981514251 3.9032643041302193 4.5591123190684728 4.2835142460922686 6.3816223152811915 6.7992965997902726 8.4547789577861412 12.931336542069356 20.751643136192829 30.438001101558626 35.899626817593052 33.926651862377682 28.367138925955089 22.089377918325177 9.9456481830888404 6.7279772366898918 4.3131310847592239 1.1695519803930055 0.25735388813865873 0 2.268278689887381 0 0 0 0 0 0 0 0 0 0 0 0
1.7014100000000001E+038 1.7014100000000001E+038 1.7014100000000001E+038 1.7014100000000001E+038 1.7014100000000001E+038 1.7014100000000001E+038 1.7014100000000001E+038 1.7014100000000001E+038 1.7014100000000001E+038 3.5444996193669529 3.6560807910278421 4.2587092745375079 6.5581778309041292 5.7945848939040427 5.6339216876260609 8.0918034542183186 13.156135634617476 21.389765137387883 32.591314092084623 39.906437160163897 34.896893752000985 24.957284572657823 15.737612211672372 6.5303149323547469 3.4331077631233198 1.9505450511134266 0 0.10581440655174179 0.093700727612538712 3.0967897109299916 0 0 0 0 0 0 0 0 0 0 0 0
1.7014100000000001E+038 1.7014100000000001E+038 1.7014100000000001E+038 1.7014100000000001E+038 1.7014100000000001E+038 1.7014100000000001E+038 1.7014100000000001E+038 1.7014100000000001E+038 1.7014100000000001E+038 3.3363998240191544 11.298021491209175 15.073588629368421 12.261877338511994 13.3888717614303 10.014723439545952 11.56747909955514 13.477891380961905 21.256442441452979 31.512622204824918 36.509658794819941 31.927832798608225 22.763927894639217 15.139966737170417 11.343136773448974 9.2590871185945467 8.151673943374492 6.2903964807121673 5.9316983496782916 5.3942287520259935 4.6737976378147046 5.3716709432915382 6.0522356231427858 6.4180839739687512 0.14856259627562102 0.13947224968139893 0.1308140955754587 0 0 0 0 0 0
1.7014100000000001E+038 1.7014100000000001E+038 1.7014100000000001E+038 1.7014100000000001E+038 1.7014100000000001E+038 1.7014100000000001E+038 1.7014100000000001E+038 1.7014100000000001E+038 1.7014100000000001E+038 30.34034376975238 37.580901230151341 32.364308214692002 27.743665468380165 27.569315041574434 25.009857579117131 25.102539579031351 22.404599780044052 21.233672745416911 27.392114543889932 30.206350432803347 28.773339712032111 23.155374105115211 16.216959080629614 13.436895866101544 10.990158294819794 10.335631405364994 8.7836929960370806 8.6941813423785703 8.3153657230538158 7.3922029923931696 8.0652866218634056 8.4188697968621771 8.1142636575285714 7.5194416438566742 6.7091592814902077 5.930802422788986 0 0 0 0 0 0
1.7014100000000001E+038 1.7014100000000001E+038 1.7014100000000001E+038 1.7014100000000001E+038 1.7014100000000001E+038 1.7014100000000001E+038 1.7014100000000001E+038 1.7014100000000001E+038 1.7014100000000001E+038 74.009818100050524 62.628436619484646 58.661098140461007 52.237640577336791 57.313734594802689 46.209443389655426 42.448758522856707 36.234970396349276 30.980138636004295 23.832372497208972 28.244477597709206 27.421955015315842 23.438169241314309 16.189230303698544 15.224055234248768 13.091062739288494 12.957586025536113 12.0787761110809 12.889281193649081 13.325480356589042 12.222041685906628 12.796527202601293 12.142802309371588 10.721623757882837 9.268688251730584 7.8193945310362993 6.5376420654329417 0 0 0 0 0 0
1.7014100000000001E+038 1.7014100000000001E+038 1.7014100000000001E+038 1.7014100000000001E+038 1.7014100000000001E+038 1.7014100000000001E+038 1.7014100000000001E+038 1.7014100000000001E+038 1.7014100000000001E+038 122.07499531482368 101.76950499369381 95.636190948298506 89.428197467354053 83.373974690891473 78.851222217060595 70.32354065061574 65.70485394378052 52.4973309690969 38.42879827627717 27.845188999045522 28.150279893345246 24.058980042574152 38.045712728763426 16.00303356231306 14.623849074487214 13.393062923099302 14.902245676016488 16.984316875801287 19.4552700246361 18.91170930842463 18.654245332394847 16.030864537791068 13.36219295596849 11.248432441712964 9.3694914319393412 7.6699687504700105 0 0 0 0 0 0
1.7014100000000001E+038 1.7014100000000001E+038 1.7014100000000001E+038 1.7014100000000001E+038 1.7014100000000001E+038 1.7014100000000001E+038 181.23284283614834 182.8275115798877 1.7014100000000001E+038 1.7014100000000001E+038 1.7014100000000001E+038 133.58383015876706 130.15561618173925 122.24240253252222 111.36733673749367 103.44878808258652 98.153159341128841 94.581938912460174 75.379528130522402 1.7014100000000001E+038 1.7014100000000001E+038 1.7014100000000001E+038 51.557485192918961 16.484286066998333 12.965293426394686 14.29030871168975 15.881379819034633 17.925940691170741 20.750728114443103 20.300236839942475 19.889495056563995 17.036092984926956 14.349647348272695 12.333040309487627 10.541878652136216 8.865125937065212 0 0 0 0 0 0
1.7014100000000001E+038 1.7014100000000001E+038 1.7014100000000001E+038 1.7014100000000001E+038 1.7014100000000001E+038 189.35569479720343 193.57696916716779 201.31702137096573 206.79837759164408 214.56560728508029 1.7014100000000001E+038 1.7014100000000001E+038 1.7014100000000001E+038 173.21716825371331 168.65922177867728 154.96438223977009 152.76183105594396 151.54617850968222 137.63866730939964 1.7014100000000001E+038 1.7014100000000001E+038 1.7014100000000001E+038 1.7014100000000001E+038 12.623728673094954 12.732698022377779 13.707271791818174 14.420997809254832 15.011323130535713 15.377866858695263 14.104929268169887 15.000519415676997 14.319125706419696 13.133896276725215 12.034609163550641 10.846627130274278 9.5508746069172261 0 0 0 0 0 3.8736021435457051
1.7014100000000001E+038 1.7014100000000001E+038 1.7014100000000001E+038 179.40490055239479 182.42485305353586 188.45400602017131 194.71253027046018 203.06202010734674 204.47017921204375 206.69062483693855 214.77149450909488 201.28982785538918 199.92246196108562 202.05762537392988 205.95975203817866 209.48967206671671 212.17635099734181 1.7014100000000001E+038 1.7014100000000001E+038 1.7014100000000001E+038 1.7014100000000001E+038 1.7014100000000001E+038 1.7014100000000001E+038 12.615499408823577 11.998620909598023 11.91068400266747 11.491451559593155 10.828366503572267 9.6452437829575608 8.5618603724660485 9.7436636038099795 10.550206555801701 10.835452007269593 10.824258200312759 10.454681362488843 9.779194007590613 0 0 0 0 0 5.2675353267854002
1.7014100000000001E+038 1.7014100000000001E+038 176.8066794215913 175.25662474271948 179.19755638730649 188.59090924940088 200.71995492202416 205.82529697321334 207.77806924067622 214.35170340347511 216.60347497845893 210.52736189715137 207.13128946264399 209.12040525887284 212.30394185150971 215.27613552027091 215.03961897457089 216.4825283665262 1.7014100000000001E+038 1.7014100000000001E+038 1.7014100000000001E+038 1.7014100000000001E+038 1.7014100000000001E+038 11.132160770926516 10.328149864394019 9.694158283658334 9.4725277962426784 11.118224597340225 9.1280947500471825 5.5253054126667918 6.3474160044909675 7.4704980862643744 8.5088017340900119 9.2379218025848715 9.5898370272384188 9.7740263298457073 0 0 0 0 0 6.3652463574846596
1.7014100000000001E+038 178.72385732325677 174.34727798720542 170.33546277295343 176.87175766805191 192.21208780919937 206.28474859678659 211.51326598832594 216.45355521623526 220.36315467592161 218.1811433594313 223.40093178577314 219.12327043907302 219.90230630261408 222.16660972036965 224.70444245756687 221.47450839218899 222.72237462163946 219.85785173227873 1.7014100000000001E+038 1.7014100000000001E+038 1.7014100000000001E+038 2.2995125026664618 1.0451384042133613 0.9810968738939454 0.94851568612388359 1.1281887776178201 5.5626680176105365 4.6939887311038335 4.0038559351506837 4.8654053546878453 6.0405398016436003 7.3694871262407604 8.2960396232876441 9.2838468245389549 0 1.7014100000000001E+038 1.7014100000000001E+038 0 0 0 6.7187803075711638
1.7014100000000001E+038 177.63526684982693 171.79534917885707 168.05046500385623 181.29324179415264 203.62369242879402 217.01011997580741 222.91590384558594 224.31263829366137 229.77292319370744 228.03038986831999 231.15222772859133 230.44517210047758 230.94344964640496 232.07842771745567 230.43671931811215 232.57276009999566 234.50213462615957 226.66530817687124 1.7014100000000001E+038 1.7014100000000001E+038 1.7014100000000001E+038 36.526597410573139 17.165860197940344 1.079798751475912 1.1087231635650048 2.3438881139561367 7.7438154946819457 6.5508392562221456 4.3502323540771677 0.79823600409821216 0.80583129679053633 0.82564855040028218 0.84263390728452514 0.92736441105447787 1.1396562110629851 1.7014100000000001E+038 1.7014100000000001E+038 0 0 0 6.8369819712469919
180.88805855606643 177.65997584706173 173.73667039996769 176.97540715330138 197.62268306021124 221.69738831556165 230.96892489786251 233.54938996819047 235.11053946646069 230.78875333854663 239.03167686980197 241.84692097692076 236.43907200359953 236.18559269094519 238.60438158710051 242.45727430343319 245.69317490935455 239.9542268840257 240.71253028709933 1.7014100000000001E+038 1.7014100000000001E+038 46.875786600973662 37.081167869798328 24.549147336205387 20.970874130965477 23.18541589936747 21.626931948297063 16.074219884023229 9.810628825436023 8.6750566581823989 7.0805286046765197 7.7105428434680228 8.5650660058460719 3.2648731110784488 1.1104080489047574 1.3603085655902989 1.7014100000000001E+038 1.7014100000000001E+038 1.7014100000000001E+038 1.7014100000000001E+038 1.7014100000000001E+038 0
183.35672988591895 181.93000667022486 182.9510162735011 192.57505996995641 213.70580891899317 233.67205897876383 241.73332912623732 243.83383513070521 245.55424975304072 242.68140077357921 262.08629341314946 259.36890909849819 253.24955925466804 253.46674298181503 257.70429520666727 262.929165474017 267.26996677288093 256.0876013909533 258.90834735666658 1.7014100000000001E+038 1.7014100000000001E+038 62.008047233921786 42.94712034100975 28.81351995684313 27.202917378084159 37.242824251680496 33.948909822926623 24.332850708266566 14.304445470117729 11.212284009892427 11.655231331544819 12.065737756382907 12.622686929200546 12.342504756248966 1.3400691789161583 1.5211061577451288 1.7014100000000001E+038 1.7014100000000001E+038 1.7014100000000001E+038 1.7014100000000001E+038 1.7014100000000001E+038 0
187.64098575815945 188.64273593640789 193.06982954553263 203.8570463595122 220.412633856214 235.66540378558022 242.2471845915365 250.28156427168935 252.67991001817671 266.95687124423171 274.78509582693579 277.76849120020017 274.92424780237093 276.60129911639063 279.10295136197954 281.68292767612496 281.3785735011034 295.05257916825747 278.74070638417021 1.7014100000000001E+038 110.79635988091923 80.233415104143447 57.132690891773962 45.998008400674721 60.043908219867468 63.939627254377164 50.544507901435075 34.450328620476462 23.327828221092588 19.552025171775622 20.191221109840619 17.565789975191791 17.181371463019161 17.215104930524141 1.5322976704932545 1.8059067048690487 1.7014100000000001E+038 1.7014100000000001E+038 1.7014100000000001E+038 1.7014100000000001E+038 1.7014100000000001E+038 1.7014100000000001E+038
192.31442423472473 194.87433828072119 200.32832824328966 209.64543425347676 221.72573169548659 233.13494580293667 242.08159372364872 256.23402400544813 270.03909425692922 283.67415946529957 299.84554421217183 295.46177855324356 299.71777457979692 301.16011284189392 302.67624233954729 303.94397702082847 309.51785555194897 313.78408339390614 320.74614546451687 205.4881824064725 134.65165770510995 93.297413474730007 74.701398679079233 74.023973840379398 106.89823871705772 90.35865626438229 68.88401819433362 49.9642339925811 38.594590583034766 35.118522617912042 35.837870166851211 30.755497471918311 24.061070363052483 23.080975308185408 6.6171804386293784 0 1.7014100000000001E+038 1.7014100000000001E+038 1.7014100000000001E+038 1.7014100000000001E+038 0 1.7014100000000001E+038
250.64744715038577 199.54762009288206 204.76000547989034 212.19806121194051 220.99515175726447 229.35319202410764 242.42197214338753 270.26893606379139 295.46150240871901 316.16540868093432 327.34402042688026 327.55523812441891 330.87227098165562 330.99113523204295 331.86353064610574 333.86369091718012 339.39533537013415 334.6082974682995 324.3209916375626 287.09926088566584 175.51508454263055 133.52275485123758 123.09173695139569 129.61809473801381 149.1750904500349 120.65639623610186 82.357347416020758 64.562408411878351 54.897800066758947 54.023958233641892 52.157099713907954 43.165837035322191 16.270974877884502 10.500295320856909 9.1324029044879431 1.7014100000000001E+038 1.7014100000000001E+038 1.7014100000000001E+038 1.7014100000000001E+038 0 1.7014100000000001E+038 0
405.16915152200681 466.29975158626348 462.96541056803648 432.68537095710144 406.17334897475308 375.41361036144269 392.76305643172071 391.25262677423115 361.32496163755582 379.44600278831211 391.83441937122245 388.91964850914599 389.91511604639282 388.51083102435149 389.40325915184513 393.29367314005549 397.56506534062487 358.02503713640317 446.59686999664979 342.51302080325178 266.44079385510054 180.59483797332089 201.91774313858895 211.8860412221382 210.46113291227385 147.53729197696595 106.21331639560354 93.481618949852503 88.459740996674455 96.140638884135328 95.757542206041492 78.519958088438187 71.476606815085205 36.668796519826401 55.811098264909596 1.7014100000000001E+038 1.7014100000000001E+038 1.7014100000000001E+038 7.1258276440034436 1.7014100000000001E+038 0 1.7014100000000001E+038
522.01989276509596 574.47562985845116 556.91137607121652 566.29062942461178 568.4060137725977 561.82140437311409 506.03246074119426 466.53684742792694 467.03029412968749 436.8242227454765 428.4966570471525 441.55721316880187 438.21749299914586 439.35180849782728 439.03903546271044 424.53666043174388 428.26312497386476 510.87487576368903 526.60208754007704 428.32229631551502 348.6274685517098 304.65308949350384 319.37154028536094 312.9564969711227 260.1337316184273 188.20874300166392 158.18524474099146 135.36781326304717 134.89282441295487 150.57915256167504 132.94950552708045 115.39877801517945 92.903698720883696 85.883935970420012 1.7014100000000001E+038 1.7014100000000001E+038 1.7014100000000001E+038 1.7014100000000001E+038 1.7014100000000001E+038 5.4327957128733342 1.7014100000000001E+038 0
