data/gardner18po_fig3c.asc
ncols 361
nrows 169
xllcorner -180.5
yllcorner -78.5
cellsize 1
nodata_value 1.7014100000000001E+038
[rows 69 to 91 of 169, columns 212 to 264 of 361]
1.7014100000000001E+038 1.7014100000000001E+038 1.7014100000000001E+038 1.7014100000000001E+038 1.7014100000000001E+038 1.7014100000000001E+038 1.7014100000000001E+038 1.7014100000000001E+038 1.7014100000000001E+038 1.7014100000000001E+038 1.7014100000000001E+038 1.7014100000000001E+038 1.7014100000000001E+038 1.7014100000000001E+038 1.7014100000000001E+038 1.7014100000000001E+038 15.513316481861773 182.51562570131875 148.51535262746228 128.10483344968654 107.20892068328089 97.413846181117293 91.514592154497905 87.329608451946356 87.593445413955564 86.534499687346582 81.652486133496538 72.0422916296951 60.037527384858151 48.295855460774746 38.915350152327683 32.697636294192023 28.813659590807053 26.334627401990666 22.290479586401649 17.840151595333314 15.599788375674699 12.750774954627046 12.216615560995681 9.6308035236842429 7.8913253287433385 8.0429704414681105 8.3538826210497952 7.7365746259840433 0 0 0 0 1.7014100000000001E+038 1.7014100000000001E+038 1.7014100000000001E+038 1.7014100000000001E+038 1.7014100000000001E+038
1.7014100000000001E+038 1.7014100000000001E+038 1.7014100000000001E+038 1.7014100000000001E+038 1.7014100000000001E+038 1.7014100000000001E+038 1.7014100000000001E+038 1.7014100000000001E+038 1.7014100000000001E+038 1.7014100000000001E+038 1.7014100000000001E+038 1.7014100000000001E+038 1.7014100000000001E+038 1.7014100000000001E+038 1.7014100000000001E+038 1.7014100000000001E+038 0 194.1636499794173 144.79890289056183 120.89700535798896 99.738442010147224 89.101218226411973 85.306286800318063 82.325260881347702 84.554264424905753 85.452684342312878 81.526099717175327 68.244090568518388 52.315742018500991 40.566582768147043 33.292752643730573 29.326613525856967 26.928309844178475 24.959153460775301 20.070152531418877 16.506567893589345 12.974222590550243 9.3277421909432032 8.8126647978155397 7.4399431682173089 6.8730280959047487 7.123237993988802 7.4925626144679631 6.8492689066368673 0 0 0 0 1.7014100000000001E+038 1.7014100000000001E+038 1.7014100000000001E+038 1.7014100000000001E+038 1.7014100000000001E+038
1.7014100000000001E+038 1.7014100000000001E+038 1.7014100000000001E+038 1.7014100000000001E+038 1.7014100000000001E+038 1.7014100000000001E+038 1.7014100000000001E+038 1.7014100000000001E+038 1.7014100000000001E+038 1.7014100000000001E+038 1.7014100000000001E+038 1.7014100000000001E+038 1.7014100000000001E+038 1.7014100000000001E+038 1.7014100000000001E+038 1.7014100000000001E+038 1.7014100000000001E+038 115.9465547554291 134.55944608974738 113.81364261053288 89.768853339525805 84.333970021256548 79.30543409969809 77.50750764202752 79.235967133089034 79.792187909934626 75.983744154992749 61.981918472818194 45.485641133822163 34.293000694247525 28.761187882565348 25.138395440071601 23.901803694403949 22.669059566476328 17.217858873661896 13.015773525235105 8.7563428080368357 6.3763408947734446 5.9283096346492874 5.8161855727123379 5.958060476364424 6.1316490467416624 6.7598554895288645 5.9078226384001367 0 0 0 0 1.7014100000000001E+038 1.7014100000000001E+038 1.7014100000000001E+038 15.383789686124004 17.572451842739959
1.7014100000000001E+038 1.7014100000000001E+038 1.7014100000000001E+038 1.7014100000000001E+038 1.7014100000000001E+038 1.7014100000000001E+038 1.7014100000000001E+038 1.7014100000000001E+038 1.7014100000000001E+038 1.7014100000000001E+038 1.7014100000000001E+038 1.7014100000000001E+038 1.7014100000000001E+038 1.7014100000000001E+038 1.7014100000000001E+038 1.7014100000000001E+038 1.7014100000000001E+038 158.01171249058137 87.185218403956199 73.404915882652915 89.091225020631256 81.185777729855673 74.200847932241373 71.136211337520407 69.147325876158988 68.148818064882988 62.633804958508307 48.191230648389315 34.849599785073174 26.616110310373323 22.624304997203538 20.993182744733812 19.774086025736111 18.952198923125959 15.126429750253717 9.4805177479485661 5.8353972749546683 5.078461779625596 4.9324193559095875 4.9715076540432452 5.1983534659902313 5.2121884740474549 5.8812438794102215 5.2675307447195117 0 0 0 0 1.7014100000000001E+038 1.7014100000000001E+038 9.6246217476077014 13.005926864705041 15.297361961712193
1.7014100000000001E+038 1.7014100000000001E+038 1.7014100000000001E+038 1.7014100000000001E+038 1.7014100000000001E+038 1.7014100000000001E+038 1.7014100000000001E+038 1.7014100000000001E+038 1.7014100000000001E+038 1.7014100000000001E+038 1.7014100000000001E+038 1.7014100000000001E+038 1.7014100000000001E+038 1.7014100000000001E+038 1.7014100000000001E+038 1.7014100000000001E+038 1.7014100000000001E+038 149.13248127399885 87.985624537277388 62.968581422459465 66.314017908158306 60.913899409445968 68.340375656335127 64.370697189327288 56.180366524942905 53.485174780201405 45.809300712789366 36.875650389615373 27.248109225349868 20.675755837788973 17.429732400271313 16.128437832457561 15.575264651635729 15.053926649133997 12.63987601981415 6.4551164728559058 4.3674995075092333 4.1633894550780335 4.1841907879742344 4.327956014681412 4.6108449995476342 4.5518150122724519 5.0701961477300781 4.6757074989264131 0 0 0 0 5.6039745509859351 6.8552313804203724 8.9298419013109811 12.293052256884163 16.360231349813567
1.7014100000000001E+038 1.7014100000000001E+038 1.7014100000000001E+038 1.7014100000000001E+038 1.7014100000000001E+038 1.7014100000000001E+038 1.7014100000000001E+038 1.7014100000000001E+038 1.7014100000000001E+038 1.7014100000000001E+038 1.7014100000000001E+038 1.7014100000000001E+038 1.7014100000000001E+038 1.7014100000000001E+038 1.7014100000000001E+038 1.7014100000000001E+038 1.7014100000000001E+038 127.28556811132867 83.895252619960957 62.898923527102951 52.051384667468369 50.628783360761112 54.503037594712261 53.361438581725409 49.370836095856554 43.293940492695697 36.275016368389515 26.705572978243961 19.726231867714091 14.769239184443634 12.824454647035408 12.589017406833348 11.37011846579975 10.640668592824188 9.5321572092990099 4.7155750012134927 3.4638691407569868 3.3854119683032562 3.5099400891364771 3.7315922874264005 4.0107262244854036 4.046753809279152 3.7403954974709888 4.2707783256754794 0 0 0 7.0323824550131375 8.0660952289593251 8.7020697268403389 10.203166947017223 15.611279757477224 15.28851582798049
1.7014100000000001E+038 1.7014100000000001E+038 1.7014100000000001E+038 1.7014100000000001E+038 1.7014100000000001E+038 1.7014100000000001E+038 1.7014100000000001E+038 1.7014100000000001E+038 1.7014100000000001E+038 1.7014100000000001E+038 1.7014100000000001E+038 1.7014100000000001E+038 1.7014100000000001E+038 1.7014100000000001E+038 1.7014100000000001E+038 1.7014100000000001E+038 1.7014100000000001E+038 1.7014100000000001E+038 90.793106950025376 55.949224393627155 44.623416058913129 38.341426937015939 37.589567508400165 42.298496232987567 38.525845234066303 30.883711071992213 24.857139233567494 19.143190672437512 15.014023289499287 11.86176382417346 9.1138518324102726 8.2931209629759071 8.2366571108972799 7.7858623237003544 7.4329354658587112 3.8116762732403076 2.8903937965969608 2.8395161727458729 2.9313814921153356 2.9108003822150574 3.2142105529065343 3.5365259820991954 3.1446564434649513 0 0 11.329149273277075 22.223073037108122 14.037378072764124 14.075475268868734 12.913083062730962 13.73693329728764 15.817723019399635 16.781723215481382
1.7014100000000001E+038 1.7014100000000001E+038 1.7014100000000001E+038 1.7014100000000001E+038 1.7014100000000001E+038 1.7014100000000001E+038 1.7014100000000001E+038 1.7014100000000001E+038 1.7014100000000001E+038 1.7014100000000001E+038 1.7014100000000001E+038 1.7014100000000001E+038 1.7014100000000001E+038 1.7014100000000001E+038 1.7014100000000001E+038 1.7014100000000001E+038 1.7014100000000001E+038 1.7014100000000001E+038 76.347726928379913 54.064296601181454 37.973566324768292 29.295620254866211 30.332129588630519 26.167835282826807 26.177219574018125 23.103080450402434 19.604304435065419 15.920000251969391 13.074739949041842 10.244047277534705 7.9537004735546093 6.4578986447630138 6.1557501991054817 6.3086800413987953 6.0685024103763947 3.1827580418159891 2.5411554343716416 2.4850062504902266 2.5324452050320856 2.4317150031811474 2.7073048794795587 2.5165270447901338 0.41522134942061251 3.7865382255020643 16.680822421813286 37.408431741325472 31.841875760707904 26.055136846744006 21.5757643701658 19.458745059675618 20.687343695355946 15.582099445289371 18.955156235529707
1.7014100000000001E+038 1.7014100000000001E+038 1.7014100000000001E+038 1.7014100000000001E+038 1.7014100000000001E+038 1.7014100000000001E+038 1.7014100000000001E+038 1.7014100000000001E+038 1.7014100000000001E+038 1.7014100000000001E+038 1.7014100000000001E+038 1.7014100000000001E+038 1.7014100000000001E+038 1.7014100000000001E+038 1.7014100000000001E+038 1.7014100000000001E+038 1.7014100000000001E+038 0 0 53.967306177503765 34.526021623603043 26.704920449715324 23.150392827469236 21.205298690786119 19.05209516248237 17.836230661338586 15.300565353112429 13.522956945221292 11.401120140757845 8.4567068763803643 6.5155834227402627 6.0254006193443841 5.0199773187223036 4.602271587127996 4.4877348834229736 2.4301636193413771 2.2915761926242237 2.2371089152963322 2.2152665913871772 2.0899631167479544 2.3483007935443072 2.1759029868016411 7.1572086904548824 25.273079611708184 31.683813494145671 36.296532108557635 30.561386261271757 26.309457225886757 22.644795596485345 19.816652335385715 16.927388464656634 16.696806413549442 17.256507017426831
1.7014100000000001E+038 1.7014100000000001E+038 1.7014100000000001E+038 1.7014100000000001E+038 1.7014100000000001E+038 1.7014100000000001E+038 1.7014100000000001E+038 1.7014100000000001E+038 1.7014100000000001E+038 1.7014100000000001E+038 1.7014100000000001E+038 1.7014100000000001E+038 1.7014100000000001E+038 1.7014100000000001E+038 1.7014100000000001E+038 1.7014100000000001E+038 0 0 0 0 41.481367172283512 25.663361249337019 19.544658469452585 16.409138875052292 14.329779537321031 12.952616418710253 12.822242310302128 11.258774336190124 8.9799938923952158 7.337621716227952 5.9101629195541117 4.7239197878020009 4.5525378558496525 4.0969417094558045 2.6279702298470218 2.1530446667995027 2.1218522031039475 2.0514555306490578 1.8285106310615822 1.8788560039639419 1.6610476323744368 5.5240199360135991 18.155168750486542 27.652567529742189 33.268434814089602 33.811601875226316 30.359386362063034 28.245607710600655 24.624907747769246 21.133768367895442 18.74535559933318 21.10692502754604 21.382196144884098
1.7014100000000001E+038 1.7014100000000001E+038 1.7014100000000001E+038 1.7014100000000001E+038 1.7014100000000001E+038 1.7014100000000001E+038 1.7014100000000001E+038 1.7014100000000001E+038 1.7014100000000001E+038 1.7014100000000001E+038 1.7014100000000001E+038 1.7014100000000001E+038 1.7014100000000001E+038 1.7014100000000001E+038 1.7014100000000001E+038 1.7014100000000001E+038 0 0 0 0 0 25.63250266202585 18.712692816373721 14.461325094911455 12.260606648056317 10.438941829181196 9.3738149999847309 8.6559604177989851 7.555927086591395 6.3065556146423907 2.770265697274005 1.5834981653390006 2.3028906394719084 2.593305558361013 2.0797834061171194 2.0376458397681723 2.0543297005090557 1.8493128762375837 1.4667463751119887 0.37937327728669984 4.3601686837066644 12.717920858748398 20.37175084624598 29.350009582970561 34.51269104672469 34.305626966900356 33.165366569383927 31.691435638630242 28.343211259732502 24.018487475757386 22.712626541680418 21.343421266569429 20.443190033163127
1.7014100000000001E+038 1.7014100000000001E+038 1.7014100000000001E+038 1.7014100000000001E+038 1.7014100000000001E+038 1.7014100000000001E+038 1.7014100000000001E+038 1.7014100000000001E+038 1.7014100000000001E+038 1.7014100000000001E+038 1.7014100000000001E+038 1.7014100000000001E+038 1.7014100000000001E+038 1.7014100000000001E+038 0 0 0 0 0 0 0 0 0 13.547936229406627 10.703740368701098 9.2659415519628876 7.9572574684738777 6.8846734412203139 6.1042771083368956 4.9724932618719455 2.0098538960676766 1.3702753232727896 1.377458777181231 1.9767811649310973 1.9991767961517131 1.8594652201487638 0.6775799674533074 0.56561065965395385 0.48034767923209942 0.40749209155914246 10.81740898498369 15.557025322133539 22.184066030096947 31.610509797313096 35.718750165030954 37.106396032424037 37.35144841592674 36.932379433481394 34.388929870321121 30.777568459403305 28.732604715733785 25.59894303316619 20.086050537367854
1.7014100000000001E+038 1.7014100000000001E+038 1.7014100000000001E+038 1.7014100000000001E+038 1.7014100000000001E+038 1.7014100000000001E+038 1.7014100000000001E+038 1.7014100000000001E+038 1.7014100000000001E+038 1.7014100000000001E+038 1.7014100000000001E+038 1.7014100000000001E+038 1.7014100000000001E+038 1.7014100000000001E+038 0 0 0 0 0 0 0 0 0 0.29039269465808509 0.24446521822937062 0.43470649266452943 2.0911311286909622 1.8242065227853836 1.6115996537203721 0.68833042210356743 0.56670380853266988 0.65056706827878352 0.781788024310067 0.88098782981797186 0.87369705527927954 0.79977997014173552 0.70462509825564235 0.60730414723294091 0.53080281374220073 10.553265941592995 12.832913466264381 17.464724483849245 24.04264531577989 32.614982878511412 36.687905129451082 39.230737806414794 40.142696734594765 40.669119375755123 39.466210969013304 36.378660826368034 36.023278593977388 29.156357631902917 21.950866081953006
1.7014100000000001E+038 1.7014100000000001E+038 1.7014100000000001E+038 1.7014100000000001E+038 1.7014100000000001E+038 1.7014100000000001E+038 1.7014100000000001E+038 1.7014100000000001E+038 1.7014100000000001E+038 1.7014100000000001E+038 1.7014100000000001E+038 1.7014100000000001E+038 1.7014100000000001E+038 0 0 0 0 0 0 0 0 0 0 0.31442121454485772 0.26385812706072931 0.43553330807192397 0.39844383418298013 0.39596202633669569 0.39534991750864684 0.40532263477082237 0.43163731818884127 0.48875580599502688 0.59531204715774266 0.69019495262105579 0.73779280561035032 0.72484826109586264 0.68403816964074238 0.62348807487813329 0.54496277105034741 12.604184759947353 14.653606878818595 19.389596065704236 25.612312517474532 32.857572383628415 37.143890612598774 40.998269857446239 44.988736650322608 47.480367002492294 47.216930391434943 44.533333011472472 42.694151341001238 34.588240428444379 25.382979255806838
1.7014100000000001E+038 1.7014100000000001E+038 1.7014100000000001E+038 1.7014100000000001E+038 1.7014100000000001E+038 1.7014100000000001E+038 1.7014100000000001E+038 1.7014100000000001E+038 1.7014100000000001E+038 1.7014100000000001E+038 1.7014100000000001E+038 1.7014100000000001E+038 1.7014100000000001E+038 1.7014100000000001E+038 0 0 0 0 0 0 0 0 0 0.42677072731860372 0.87543292844834542 0.47933366460129534 0.54353866052883626 0.32802858229770115 0.31167386709859829 0.31067336530963141 0.33944750790594408 0.40180763778617223 0.47773022214423044 0.5490093427813606 0.61472033183262942 0.65382725272533271 0.64456973474365131 0.60133614229129206 0.55057291994098534 14.417602101482936 16.465808589433404 20.766542292167713 25.895938776044058 31.826702304763604 36.068238806189569 41.907470529642119 48.680108662498007 54.101271329604273 55.819711140023976 52.748711800313913 48.910885850567915 39.501052349503297 27.670296022109692
1.7014100000000001E+038 1.7014100000000001E+038 1.7014100000000001E+038 1.7014100000000001E+038 1.7014100000000001E+038 1.7014100000000001E+038 1.7014100000000001E+038 1.7014100000000001E+038 1.7014100000000001E+038 1.7014100000000001E+038 1.7014100000000001E+038 1.7014100000000001E+038 1.7014100000000001E+038 1.7014100000000001E+038 1.7014100000000001E+038 0 0 0 0 0 1.3611333285383089 1.9212404223269706 77.339307283122466 64.139229514174403 51.615937462373289 39.090307726759221 0.80580289740268463 0.62194535924799377 0.45841718873263404 0.3438659755820726 0.29953307801002788 0.35931523314669067 0.41108332368143558 0.46785629421651581 0.541882876348878 0.59162233709632439 0.59482278755779794 0.58707927943516747 0.5176076819961003 16.659037208054247 18.450906873697477 22.721304960582412 25.542703703047763 29.861326313264634 33.71609031988168 40.821604477938834 50.998100202525443 59.970799739618272 63.691824166755602 58.557253730761651 49.898758503733156 39.034091644873506 28.237148501705128
1.7014100000000001E+038 1.7014100000000001E+038 1.7014100000000001E+038 1.7014100000000001E+038 1.7014100000000001E+038 1.7014100000000001E+038 1.7014100000000001E+038 1.7014100000000001E+038 1.7014100000000001E+038 1.7014100000000001E+038 1.7014100000000001E+038 1.7014100000000001E+038 1.7014100000000001E+038 1.7014100000000001E+038 1.7014100000000001E+038 1.7014100000000001E+038 0 0 0 115.34285184873644 98.030153190626763 88.843975516866351 81.884725757915305 70.559708668765651 59.571046209549955 44.16117827225677 31.178605221293282 22.602097677109921 17.895433422573106 0.51965954211821219 0.51315824199521753 0.35485781511715653 0.40177624143454188 0.45344733756415695 0.5128315342544254 0.56336422299903188 0.57557694212064303 0.37238174666420409 0.3369662254601023 18.80842334091653 19.70724132593234 23.497361464248581 25.10324478620144 28.355339769735163 32.281457956616471 38.513153522795292 49.076512015080269 60.250884614120096 65.555735968637364 58.536774994491815 45.567037837442982 34.516309097092815 26.291832682002259
1.7014100000000001E+038 1.7014100000000001E+038 1.7014100000000001E+038 1.7014100000000001E+038 1.7014100000000001E+038 1.7014100000000001E+038 1.7014100000000001E+038 1.7014100000000001E+038 1.7014100000000001E+038 1.7014100000000001E+038 1.7014100000000001E+038 1.7014100000000001E+038 1.7014100000000001E+038 1.7014100000000001E+038 1.7014100000000001E+038 1.7014100000000001E+038 1.7014100000000001E+038 1.7014100000000001E+038 136.4374657659861 113.52869693686263 93.918108393186415 84.92953238770356 83.347387910229884 80.322710575294622 68.880464919342899 52.581334124784746 37.703195895665857 28.283633929023789 23.930404066496518 23.420774637270743 0.72379736345161327 0.56807163879635791 0.26976501264697872 0.31022820693832898 0.33907092896753616 0.36287641204515891 0.36331813809087915 0.36802569022382259 0.34082382055474347 19.423313918304526 21.493151160467875 24.368866313582728 25.070611721844159 27.129315491576193 29.612261963836186 34.261772233801608 41.680045229866273 48.906095901224425 51.566391075350644 47.130875595912144 38.051691267910563 28.926135139625568 22.091181101264176
1.7014100000000001E+038 1.7014100000000001E+038 1.7014100000000001E+038 1.7014100000000001E+038 1.7014100000000001E+038 1.7014100000000001E+038 1.7014100000000001E+038 1.7014100000000001E+038 1.7014100000000001E+038 1.7014100000000001E+038 1.7014100000000001E+038 1.7014100000000001E+038 0 0 0 0 0 161.35876074638722 128.13172561533298 104.0918616483449 88.861976393909046 82.355524163099446 88.403302505586637 94.153288005427839 86.965836797398751 69.800458519324522 51.165169417139857 40.664926653477053 36.637973068359166 35.699845007535764 34.325187474624713 0.99188091277325463 0.73345300764432741 0.30139797292463527 0.32878094770203015 0.33287439045691641 0.35415317050814588 0.34447180197991545 0.32889426766512059 20.012570709545383 22.325530686389197 22.495711343290942 24.482752346308065 25.065038846130307 26.383983180079543 28.850384140508915 32.010345166549811 33.821212695050882 33.618235574325432 32.308983679341303 28.992228883146232 24.004573055624544 20.247604567878422
1.7014100000000001E+038 1.7014100000000001E+038 1.7014100000000001E+038 1.7014100000000001E+038 1.7014100000000001E+038 1.7014100000000001E+038 1.7014100000000001E+038 1.7014100000000001E+038 1.7014100000000001E+038 1.7014100000000001E+038 1.7014100000000001E+038 1.7014100000000001E+038 0 0 0 0 195.27228187958914 148.16711473191921 123.08682653732215 105.57030982109291 92.604767552389617 88.909488432076245 101.28478423872035 114.90382477832568 114.00229485366872 98.703759331138059 78.637258166198492 64.186264205845347 55.830936324442121 51.427161620984954 48.571452337777004 46.281085146378089 1.2748192059218626 0.61003687739311951 0.3210554349364847 0.32277477623517603 0.33201770888001814 0.33609434458571646 0 22.641218115064458 22.075449003020488 21.965576126082144 23.476673597251995 22.820908242992683 22.909096245617505 23.329704949019035 23.750075612185302 22.664728232463677 21.873542258332844 21.604144824598666 21.577352749225877 19.94608242470677 17.634592613766817
1.7014100000000001E+038 1.7014100000000001E+038 1.7014100000000001E+038 1.7014100000000001E+038 1.7014100000000001E+038 1.7014100000000001E+038 1.7014100000000001E+038 1.7014100000000001E+038 1.7014100000000001E+038 1.7014100000000001E+038 1.7014100000000001E+038 0 0 0 0 243.07459456857919 175.5035021407044 133.8689933140879 128.17814517473781 115.31479784858449 111.48095595657593 113.86108559395019 134.06313736288959 156.0453766951411 160.32357213236858 139.31505106821706 119.23654551220616 99.645106623190216 83.681194160147484 69.540952283943383 60.176193663904684 57.898197989482078 55.777330343624698 1.5306975242083709 0.31633269372578526 0.32258433911308632 0 0 0 20.207438340214932 20.979820606911442 20.769359406025092 19.831814813580614 20.452350172903845 19.593533909661069 18.829050071917827 17.682816455025186 15.805108520889791 14.557022409027235 15.149574474059408 16.213379636451471 16.261514900625286 15.183757699551043
1.7014100000000001E+038 1.7014100000000001E+038 1.7014100000000001E+038 1.7014100000000001E+038 1.7014100000000001E+038 1.7014100000000001E+038 1.7014100000000001E+038 1.7014100000000001E+038 1.7014100000000001E+038 1.7014100000000001E+038 1.7014100000000001E+038 0 0 0 0 182.56084719273261 153.28163456351885 135.46341768456043 125.28443151590655 124.69857266387304 133.39716480664342 150.05869038218376 176.19484039436551 201.80321838288984 205.88283749412108 190.74111858600583 167.85531832764048 136.75058244518272 109.47160898345436 88.240466356091815 71.146850995558935 67.397976998149161 67.432492074421972 1.5042938937031189 0.46873120565269349 0 0 0 0 0 18.898583997850661 19.045786096743278 18.020420668585398 16.945842255235945 16.982944303223057 15.82087497569893 13.894532290214912 11.72603369752591 10.596829920877569 11.33424206050935 12.665632185036355 13.577032230172367 13.056405100798203
1.7014100000000001E+038 1.7014100000000001E+038 1.7014100000000001E+038 1.7014100000000001E+038 1.7014100000000001E+038 1.7014100000000001E+038 1.7014100000000001E+038 1.7014100000000001E+038 1.7014100000000001E+038 1.7014100000000001E+038 1.7014100000000001E+038 0 0 0 240.98778509309901 145.91977838993611 138.91463232907776 134.53483167022799 133.87014153828341 142.13615949630042 160.8448544207825 192.79084155787163 228.29549755798115 250.62224627602933 250.87922567831973 234.53977185046645 202.77270320363405 170.38723216172411 129.43109990085344 103.77261875040288 84.053968012041636 78.003991208010561 77.823827945256369 77.066522526328029 0.53719200409448375 0 0 0 0 0 10.944841600431532 16.940771735028825 15.855450348119472 15.265949906593546 13.84867051490138 13.12538612023943 11.124588747809401 9.2084870413993229 8.2761529206203868 8.8699497515800747 10.467177027053555 11.551529973424772 11.632609365857066
