data/gardner18po_fig3c.asc
ncols 361
nrows 169
xllcorner -180.5
yllcorner -78.5
cellsize 1
nodata_value 1.7014100000000001E+038
[rows 138 to 160 of 169, columns 265 to 317 of 361]
1172.4834951889366 1147.2290646307829 1112.6673711391127 1078.8550804123349 1043.3108233745927 988.84822150457023 870.25899661190579 725.71453709335015 591.63796105693143 480.14884053472088 404.4087590390003 334.60684527821201 293.40336817218997 249.16449837480047 186.60251665553864 123.47789094795475 80.752476878693855 62.026052664720453 53.052666069303307 43.365000756985495 41.678673241607612 39.598707160142361 38.572067253301 34.953913288799058 29.208116372576349 24.87226788333717 23.190673819822543 15.714359180408003 0 0 0 0 23.50232223219162 29.560197647102147 35.729628901834062 42.481871102714415 50.05045278297618 55.811693996221301 58.028093555352157 63.787422290493474 77.283403035156141 88.658064700332744 103.80301162879252 121.03801116527842 127.08700938531078 120.67491464134149 102.1407327700756 78.92028700082092 59.239776255174824 60.104334133419911 68.697076160645892 59.45745199785533 60.497716637900311
1198.3409143867959 1211.6137586804682 1196.7719439977643 1201.7436943216226 1195.0670936659658 1156.9726119144539 1047.2726461011421 883.82409252757816 721.35543050630997 592.29841766820221 485.09918544828986 387.31257364872096 333.29381106316509 272.98120024055731 204.95159438144822 151.19501458127192 104.32846992205108 72.864297034995786 64.075615447250698 62.214156807518094 58.336557634758513 54.618993998447522 51.594534126427476 44.664626185356092 36.38673657521732 30.209542557552361 26.821172459441918 24.811510155299096 15.393950535201844 0 0 0 23.140412501571326 31.14942211589586 37.655533020917161 48.066520710397718 56.22477100275475 62.680894228165386 69.308664430268522 82.200775554370182 109.27000851530855 135.79174391982093 154.55025263757997 164.42339314147446 159.92213856907139 143.46136362595396 129.70507512082912 104.41572192885162 82.765249534065035 73.476234642196744 81.859388834996508 71.316806352952554 84.536811772437531
1223.4665487619282 1247.8209457130547 1263.8253539372222 1272.3218496915993 1299.9145620443139 1284.9254383140983 1177.1155861311522 1011.1916549536875 836.4299628290089 677.64021835529945 554.36256080435692 451.21625277975676 352.85325796865249 290.62653528676015 218.91309699737837 184.16378510561506 112.58623672567077 88.111487361141627 87.920671969061516 91.522334017004681 82.440337630862771 77.582484366166909 71.537024727105717 58.444439372400666 44.491775611624043 35.431563225864814 30.969116155284723 28.602493596656878 17.500704010189597 13.610914404748444 0 0 23.811512471094115 31.010332028224518 38.333913493588859 48.126191883280555 58.920922607825389 70.620757106065454 83.481573864158491 106.9078952981406 157.09502641116686 219.23600314874062 245.18319774052412 229.05918531632375 207.56698299513369 182.54193694155489 147.45642741880917 119.74408872339097 97.521496757520168 86.913410229325933 90.434919838938811 99.967503476763412 93.589536015826411
1225.483285056343 1256.3710754959009 1291.5402711020834 1310.2595943054071 1330.5192410497066 1320.1670779787687 1216.6072729422986 1060.7982287383659 890.4946931777182 736.82895855349284 610.9429559799986 490.14254528920679 375.28683919703326 309.69044379682754 242.9942449779393 187.99197527690558 119.05110047907735 117.0692131424031 135.21811513264305 136.2322855806535 121.53230537216454 107.95135156781605 93.035472189121535 74.328754987963976 53.711089016766941 41.265119757326318 35.522971036365846 32.010949948892161 20.42486739637625 17.315001170932337 0 0 24.790829559804447 29.366473161159959 34.464407772226863 45.227930408040528 58.091752883828775 72.98882827691061 90.011627847701348 121.4574724482472 196.72000173739008 295.73494352812162 319.695276491752 283.30793075495092 239.37717665940133 203.3164073595585 167.8305712233188 136.06546095259867 114.73021235258794 106.47948772315668 109.87865911067857 121.43967148829324 112.59119911767772
1222.7558250060476 1279.199589372203 1302.7230462505481 1295.9737216969547 1294.3260573909522 1257.5715756703603 1185.4563155101116 1060.5793724900141 919.13676605552018 765.39749821924568 629.98410658046248 507.7723261654528 387.14418265496676 330.28540514717571 264.56612203915955 158.15889941986461 130.94382551840997 149.99647473463651 195.17836893566036 196.78231974172607 178.69356598444691 155.69768431945425 127.29673565024977 92.913985706456685 64.289196370903653 46.569384406264476 42.019953799022232 39.2418748571354 28.178446309852468 25.833288508039676 6.0805570874721093 5.7199173110159798 30.193037272238342 32.797521573889412 34.878908768179031 40.712746437671228 53.950563913558916 70.542407616138817 87.761812288068072 119.01150536350534 195.89829111120008 288.71245357297573 323.96299302301094 289.41857359779311 243.616582853382 214.30588514191837 178.72926276421393 151.19925611467454 133.44349760893576 122.2054996885561 125.85486733588134 136.34429268516928 126.20932853802159
1224.031706999313 1305.9458744946974 1324.0188593979833 1283.1789619132858 1239.6201353649128 1182.0392888416504 1119.688733398378 1031.7150398519079 909.55460831630762 749.54469810681633 608.6423845321458 510.78482447700674 430.87550394214651 327.91788234710469 257.21433261309022 187.18243545001488 145.24724004417212 201.89281877836862 250.21709415001541 269.66429098341422 270.16067375707297 229.15543078974724 181.41538059223672 134.18627933848981 91.778552931703771 68.1382080072636 61.528369185655798 57.047806882802483 60.689018377047582 53.086737703893263 26.255150687592291 26.927094999913159 42.258321753161574 39.722089975822676 39.296080267015761 43.5838658040391 53.23305074039726 67.080320547515782 83.121287703224453 109.84601316973054 167.94280553698476 230.80415893924595 269.58273526022305 262.42256826609474 232.86624132454412 215.50734988798783 185.99144914038342 161.94953947261544 152.4291489424044 140.08456211549645 137.86294888251217 122.67086098151294 147.06410325387677
1198.1921759625561 1295.9262188458533 1324.1278075631446 1265.4055510911714 1189.4002073667816 1115.6245817018953 1052.7634860082367 997.5106495471349 892.22837884109697 743.55771847805704 596.68125642504947 519.04087652157034 434.5377525725587 343.86397350814997 265.74709156073294 173.43214067306872 165.5025334545596 203.31131036537431 257.60065702937976 300.47313807360507 314.1637691256052 266.68061929275126 201.28144143618235 149.29585405729219 107.61600011804853 86.612008912773774 73.969415853326183 72.625265691954553 67.342150244687062 64.987698249268334 46.682017531816157 42.29439686999099 51.652457605576238 48.344768239727159 41.062825329077256 43.967794938129153 56.059506634637316 67.414751898138917 81.834841392805643 106.35306576134332 145.28988813607134 192.40774020449541 223.62884018669763 227.205736288949 216.20077689810574 219.46058208973415 213.90021474914633 199.88984558055552 186.83690288006864 174.90136658668931 158.40199910827408 145.08939212177785 188.84379192526697
1170.697061213524 1244.6131110438416 1259.8150947442077 1211.5566260654791 1132.2778153994816 1046.9070148914279 1001.1571102553537 952.79266040162383 853.21814173402117 736.94412737794528 606.35825855848998 530.64688982811879 423.71582264105575 357.0675277620382 229.76716005595767 144.53530772781238 168.81801109448594 189.58314984312511 229.88524867033721 263.57574819577326 271.0326135004579 244.34032034624391 195.38233067118682 150.77610658682491 114.11753195538495 94.135948432449638 89.869408857050644 86.401884745646285 80.358028916766159 84.154487528861139 61.890225101345628 53.982637195172003 65.7715420142098 52.53908079522283 48.54174214265467 46.567456499399071 55.136092469454866 69.819036696569029 83.766603990047187 105.69601064934987 135.27791426986968 173.53794352397969 193.55717349324729 203.0623364266277 221.31383256637989 240.91583270934575 238.96784243103156 236.24302614268254 220.6897733880285 218.85061140681873 199.83922169411696 185.63578037033415 217.11781239334152
1115.2085263010104 1158.7129452021534 1165.2412608088198 1124.8513070382371 1055.5342805829368 991.00342505486469 949.00775285352279 926.93203918557924 832.25974932684881 728.7998896325937 593.71393486918873 496.63267353512919 406.38796155209445 328.08021058023365 151.1193075556628 158.87973058293019 171.48666033268597 196.56598431898223 203.04744770409343 209.16028822269257 213.96644482834509 201.89263155809877 182.10768888537959 149.09451816140052 121.03796284665758 103.33781198447554 96.979857141454843 105.12583885760213 96.105307064864064 95.855839842926812 81.692781050446925 71.593200321014763 60.101019242714173 69.404756197105527 53.645512946695639 52.916245294338282 55.891623634334898 71.347542565993024 92.379484817650535 107.33151861619692 126.44886479879182 159.48522909989344 176.83769340244805 211.46522624133436 224.78027394832748 256.19886638129873 265.67869851196394 264.49640551489819 269.61681855529855 271.61112439180118 246.10352957036082 247.06855020184074 251.46959468084168
1018.8277773281673 1067.747502752567 1072.2204645079435 1041.8704571249502 982.10009000639241 947.84258617372814 920.40601299235607 915.26443619877932 852.0398248788897 733.06533834491802 579.19867532049 478.41599398160719 376.67689094061672 185.11742522850614 159.76276079452049 163.53255392296711 172.00898800611569 191.02729802905986 186.4815074374398 186.09605687539118 181.15201110259994 181.01832867901027 173.30511216613627 150.23894715084811 126.82607453722775 110.6897675344875 105.73575513007829 115.33360422408859 110.52719857053533 112.1663590246236 99.956400887885309 88.947014136295763 79.998324462319985 64.509645286537463 67.144466735813751 58.596971679346964 61.676290660182481 77.135497565490624 93.537739635184025 105.75628749524353 123.60070879804472 152.27339829744972 190.41292761017337 212.19976749582798 247.90439226377782 274.72071943926215 309.27502212385025 303.9964244811332 321.67135109440977 327.06949875723456 314.96201521330579 301.76010752461849 294.05348303156575
931.83273381141896 1007.4398180057061 1008.1787989298991 972.85561600642313 929.64802440298251 898.29218593597886 892.65801971552037 921.49329611009864 885.9677484491167 747.80679771156622 620.53413221132553 439.29660339419797 234.44009216251618 197.05199735929634 180.76534307890492 177.95304059412643 186.22816560632563 205.80546705550827 189.33695044512766 184.37658349457317 178.64408320812649 179.12161683006551 176.81653392021937 160.37170479172829 134.59368717797727 119.2017201229171 117.49519547811489 123.00674663365049 135.50519283496064 134.11500257107531 124.34690563827206 115.1145360603736 98.771882057329989 81.276005668641091 81.020178052331474 68.241685144007917 74.85574170622003 86.433315193000183 102.90184248915931 120.0349117479163 132.34039663734799 155.93372430270091 207.71363056057166 247.39874783984294 266.95207900536957 302.68355994595748 334.75247061863041 340.89730909618964 362.47672445005497 360.22879667792421 371.17094000721215 359.14247896093428 318.1853554376483
878.14192565358292 985.51127626717698 994.43194225918512 930.85617477865867 890.22595751828317 860.2015207671659 872.82931515365067 923.52400074263653 886.86046039261089 742.36739887382146 580.08255003292845 304.08092705633237 256.11215686565515 225.07922582489749 209.50746503324203 208.31054784081408 212.36851731998482 231.86991342950785 215.21537098463054 208.70824222331814 199.62144044860909 200.49869254651219 194.71109156620864 175.78089622178427 147.1021989926156 129.05059995880279 132.18344001585484 142.90898107145574 158.03288117625928 146.44593912494682 147.95554426966174 140.0695263626306 120.65136578255591 102.96116633745594 85.034739387972536 92.742117323371474 92.048795419959674 97.6890513414927 111.5500017848731 127.06745036745546 140.21322989517736 197.44084684558428 221.24696437903114 242.89801242170108 278.77850636724554 331.96779800892369 345.42783236616259 372.34286390109992 357.79129447522831 370.18169660399985 380.06562001843361 367.79844204014813 332.46062226507604
789.60033473341036 916.69978760551646 930.87959789954812 896.74137934571888 829.03343771187929 808.68707145560484 808.1932130792793 824.39092927187733 810.13346358606373 658.67554294403317 455.06731664811178 326.53682406125301 281.33682178923334 259.69398996068162 251.90057002260343 249.3941270953523 254.81027100473884 266.14435865509955 257.64747845172025 254.48388349211669 244.1637794366664 236.14016295495526 225.73338507369971 201.07687687408438 172.92350620902539 154.16631882925049 155.72652726800311 173.31703556954434 174.31991561079326 177.08802032476473 175.08164055349371 161.60084092040915 142.90988682954841 122.66851546930498 105.37731767405133 95.13699206865077 90.990195547323111 110.24071259596367 122.33236950755554 134.06904236956169 145.82999414285604 211.70137317447677 236.95138093721724 262.3025275208816 302.29802659599892 368.487347915405 340.71573051290773 370.08297051441491 373.01566413435296 374.55664099347615 374.83254015655683 367.29041016689342 350.62607640219687
633.69844027735553 748.39204550896284 791.6802102620527 791.38926283027774 762.65152162723348 754.79241272148317 722.95085338285833 716.1792839126125 621.81509548695215 500.03972675586073 418.30023310340653 327.69620151628482 286.65339389448849 286.10102416124096 289.66015568829965 287.69176921440788 287.62865970310946 294.34604570367918 304.76235969045496 314.5403902533119 309.66655896253957 285.63723414402182 260.91150198410173 235.60991365758386 211.2027835499421 199.94665972882473 205.17312241023564 211.2531285692794 197.63346714612402 193.65132768430192 186.46368786851036 171.73335665273433 156.17078151738809 131.50997439762045 114.85066616913123 107.98847431926507 103.67422693742563 106.67593231717569 110.02629442943568 121.50392427201214 161.21357926423343 220.3745798465153 251.20454377571681 233.16664133061403 281.99470159991853 331.01679347860374 354.58891742730452 386.83258359022062 414.13307550126552 427.77335204314829 429.27069990667076 406.61516199956498 376.27686303582476
483.78426754466193 576.31181133894199 645.90402912156367 668.24711377016183 679.43419091790952 675.8177782837364 633.15599241788971 587.1923149635287 460.51642959173034 420.6233335274332 353.09204177906628 298.60725965367874 284.70032348661897 295.10519712739568 312.30378141705074 309.01816313058339 309.99985915665218 318.6706740277732 335.62310125023697 367.08384595385735 362.72588881754353 322.09706321849256 289.66919069483089 262.17234251842348 242.77691701821826 243.54881514888322 242.01805136724832 234.73324408868248 215.31731046165567 196.53504432002441 186.86666543950426 175.93131811493785 161.67964003707201 138.46332228811184 120.96090924919378 115.0763424777532 112.1279883664765 118.59971079260055 126.94749118538553 143.91928739282631 151.48606369863867 204.24815259680565 225.12206089661493 251.94055427563379 296.5358623606362 312.90250019908183 355.11178997248902 409.20749752182974 469.37146527352695 520.38099413250461 508.71314350356448 475.44197084858007 402.0386043651589
386.30862585745649 460.16925271056664 535.95065674356692 573.88897688403529 596.04972116542717 591.26628145535983 533.4822634043843 438.25449893101728 395.65836663315844 366.99099920832663 328.3996274274952 293.72119926170228 287.29591020963352 294.87501528437446 316.72352126110297 310.4781601321867 313.76428384035819 313.02342009183457 344.75560962721636 368.88488360942409 369.71011620289551 334.51217895471399 301.21087499005893 277.851908274653 263.69852447666216 256.66513397135151 260.84462138971099 247.58898688451404 222.65819362882092 203.93284336665442 187.04889970928789 173.749410274871 162.41530890859406 141.08651499785549 125.80106964653358 123.43373619858136 119.29976417175695 127.51073638305861 138.18050401744563 154.10577918656972 187.09258180429813 201.98535359035307 236.93710088838853 267.84591945144075 299.94338373891526 319.11619979819721 351.56109768521497 420.36558077614774 506.44913577934102 577.64542868557726 579.94273709322658 523.71193638810769 417.39215295141105
324.62500875414469 382.87291883099698 444.54159088525671 483.15994502230762 480.45331812501939 462.56538848654253 407.36670483902799 374.54472509114152 335.24552526346793 326.16954059978838 306.8739320492046 295.07131348156389 295.44358781422432 299.95914483437974 315.81785963838541 309.2128916953406 314.92434923998496 302.69509141407889 334.89409510321786 348.57992855609848 350.51518058925762 321.61187737354714 299.56030647123993 279.67810188426012 264.98747804899847 261.18582023170893 259.49030379632745 248.37526816214694 227.58220480956609 207.70684479225523 189.94029299490668 175.50170013558895 163.35646014658005 147.98093932790186 136.69626059458832 130.95423320700155 128.92415915573935 130.84879110292476 144.81498834288473 161.49121138495363 168.10470643398219 204.9498698198349 232.22932876873969 273.48666989562798 304.24334732824292 327.04865147330344 368.95694363052996 439.58039732997781 526.6582690761868 590.34081613841659 579.09710117191491 514.55447907254427 422.22639204223253
283.58995889017461 330.88570752779606 381.33951682367888 418.86596703980717 410.97681352983318 386.66677180805664 359.93501438261296 320.96167217746569 288.43217667755795 267.94657885654783 271.01625056702767 280.38186642542314 289.26334536903852 305.87199268248077 317.72410540485527 309.63391212064693 286.94142904354294 303.4612844734034 322.01451600207253 339.14341641292361 330.96555656709199 316.44086564436833 305.16528107174526 286.3943022704633 272.13154170589513 263.09960871226855 256.83527713921319 243.7816348032741 231.3524531623745 206.07039749353726 188.05983565343789 177.65559041133747 166.57296349962186 151.72103112538767 149.3466039986746 142.78755467501443 136.34456207740635 135.02351321785036 145.27599649632805 158.08748061735469 168.72297808003785 214.41207259068725 235.92999988660441 288.89508119389819 321.57997359098238 344.87702161397146 382.96347451911026 441.32358553778852 507.9621363185488 546.04472267536482 530.76996656103051 465.11047992678527 397.54303215858516
242.10187596396949 275.78730448245096 317.78165932305433 344.43531197355918 362.47245552359982 357.65686586705255 336.86849747399651 308.88604705734934 256.47318257318119 241.10950020956832 250.30807264372461 277.97488959884834 295.54345419432508 306.55132772582135 319.2279447040691 307.02987433081483 282.35584923941343 301.80488526583633 325.01867618539688 333.54925212330397 332.44619704095857 325.4588637370905 307.05690728728678 291.53137547364878 277.03656970420525 265.57495177734046 257.51496036488106 243.81743031721658 239.62079171245159 209.86495997317559 191.17452315418689 181.63450989038563 167.52832266265358 167.10207007703866 156.90589143111995 139.4847609600462 142.44387462326156 143.02468814768488 152.51103356293089 155.15721254372954 163.61331742638114 230.8186313463348 252.6046666362069 289.73921556622042 315.33311364644965 393.95319231549149 407.36863131835406 438.87475735227139 482.55041105562174 497.26335832728932 488.19979240835454 429.44345233843973 373.64523679989821
224.20232726684273 249.41447759755079 284.38990409675262 316.94704978363654 349.99030761106809 358.50500349948629 346.59679031288499 332.59085968750429 247.68161094666797 241.66264312335517 263.16504046474012 281.64752632215084 301.60828848545543 308.98833283770841 297.87385967451053 268.36432875142856 272.4510072160349 288.45631568948954 328.01465392411518 347.01797956103314 334.5857935578083 325.23801944679923 309.52619240423741 298.65112030413428 283.33553397218839 278.34545177759219 269.85256097552701 251.48033660954084 223.78519376708036 204.17415777852457 195.93869902750856 182.26961270685902 179.85155854839911 176.08741402035065 168.41310535792718 149.17803644630843 142.00137153708755 145.46001172592182 145.2603469385235 152.16267343354693 170.32613646979766 236.71057237282372 260.00536133012935 297.35868066546084 363.71738807011576 392.98113035350298 413.39889918854504 448.41988795962141 477.62691263527165 492.67029344035018 457.53439490165175 400.74789419642872 334.01498532407567
220.0067033522437 242.55077772918796 268.24905052228553 322.95145116827882 346.57350077200977 367.75933153497226 318.93234611390352 269.01262001530642 257.60247456153024 251.91377906127198 276.64346884054993 278.50661634221808 306.75695544016571 242.31032507838208 258.76185898687947 270.61515311648981 283.45973249039923 300.72100077639061 372.3224872374409 362.08918674592019 356.43141867437146 330.32245941427561 321.26327748858108 300.28289987166602 290.29227571598739 284.42852413487941 273.97297520711481 264.58239153388212 221.74335894974951 202.1545586138318 203.40107418009387 196.80863140411648 196.39596673704702 189.37926640096575 164.53394159188599 161.7924263196752 147.60271879947007 160.01710357312734 155.35255127454806 161.5501011633437 161.24546597105541 168.79382269491936 285.27118809589564 336.65624226579985 377.69580919455484 405.14870102394065 438.75914088760999 419.9223319894914 444.19938698549026 477.92612745128525 438.73000248902508 350.24560236916648 312.14255227363645
225.38880656974987 251.90225624716513 275.75666349612499 320.22306133927668 283.80880588219708 248.06648583341999 264.82450603617787 256.73580103536614 275.25504806389171 284.27144015901177 291.11502477480678 241.88236085068735 250.85270838536258 246.08791199878712 262.90262932859088 278.31238115884207 297.7493216417987 300.86326900999626 361.52057928610219 382.90988806354591 382.18293078451967 364.76771792949353 324.58334497527483 318.33322715855547 307.00006466794042 290.44499749787553 306.17391189451462 249.64005542419793 214.94583120743044 221.18683376283761 214.97317351045638 206.73383280003426 200.63282803477358 193.67619663805905 167.58580897006672 149.24360213344016 140.03737131397349 151.66638745804454 155.65680627946779 160.91317209967721 158.61573035471295 179.11449339314754 292.73751954090596 1.7014100000000001E+038 412.66599341304044 443.51840870698686 441.53189374824268 409.09134755678014 1.7014100000000001E+038 462.24015771704637 414.09416200026948 355.2639871759315 296.09702696131507
138.59799920293599 149.561163355893 159.09808640754207 199.81929462625885 208.19259224332365 225.66766461740437 223.04586043438053 238.03981810122045 226.22367332199116 254.49209555350549 249.59220241284908 198.18299358493681 213.76520044257083 201.39841461405024 248.29736197687311 276.03645380001484 279.34183742594428 392.49031787899321 398.73639614494465 398.17334762969597 410.16611598374203 402.06601942213308 399.16695275429709 385.92089611851048 350.21621848353294 345.96370282591386 280.93414119572003 275.76353528126555 260.79252200062359 244.78768156622195 214.9528511110295 210.5238418560098 173.93237736459383 172.84739327060635 151.155821991793 140.30969053124446 141.02189265933549 140.23448440684274 1.7014100000000001E+038 150.50455379014019 171.62390435595191 193.75044876572804 1.7014100000000001E+038 1.7014100000000001E+038 424.24150635975428 451.63823285552019 482.67929234295849 1.7014100000000001E+038 1.7014100000000001E+038 1.7014100000000001E+038 440.85575525921104 401.58925109329914 314.0125944471564
