data/gardner18po_fig2a.asc
ncols 361
nrows 171
xllcorner -180.5
yllcorner -80.5
cellsize 1
nodata_value 1.7014100000000001E+038
[rows 57 to 75 of 171, columns 126 to 167 of 361]
539.27068388726104 524.22923781724853 486.61510245979571 466.12387142964786 444.3397433365115 432.91555754909621 438.31894500357089 439.48878734089237 428.32095678607163 1.7014100000000001E+038 1.7014100000000001E+038 1.7014100000000001E+038 1.7014100000000001E+038 1.7014100000000001E+038 1.7014100000000001E+038 1.7014100000000001E+038 1.7014100000000001E+038 1.7014100000000001E+038 1.7014100000000001E+038 1.7014100000000001E+038 1.7014100000000001E+038 1.7014100000000001E+038 1.7014100000000001E+038 1.7014100000000001E+038 1.7014100000000001E+038 2.2663953021303795 1.6030703044949022 1.1704302103059174 0.81022699064935444 0 0 0 0 0 0 0 0 0 0 0 1.7014100000000001E+038 1.7014100000000001E+038
426.46616117719498 402.32137392646996 357.49406069063627 353.9659459353648 349.13081350191715 350.6863362829381 337.92548974816202 328.24197055165359 389.87983383929117 1.7014100000000001E+038 1.7014100000000001E+038 1.7014100000000001E+038 1.7014100000000001E+038 1.7014100000000001E+038 1.7014100000000001E+038 1.7014100000000001E+038 1.7014100000000001E+038 1.7014100000000001E+038 1.7014100000000001E+038 1.7014100000000001E+038 1.7014100000000001E+038 1.7014100000000001E+038 1.7014100000000001E+038 1.7014100000000001E+038 1.7014100000000001E+038 0 0 0 0 0 0 0 0 0 0 0 0 0 0 0 1.7014100000000001E+038 1.7014100000000001E+038
304.97409162229167 270.68329666575733 229.93668460193575 241.63038657850447 254.72600853557847 254.44983940590114 233.92350455993241 228.91761831206441 217.47465719630566 1.7014100000000001E+038 1.7014100000000001E+038 1.7014100000000001E+038 1.7014100000000001E+038 1.7014100000000001E+038 1.7014100000000001E+038 1.7014100000000001E+038 1.7014100000000001E+038 1.7014100000000001E+038 1.7014100000000001E+038 1.7014100000000001E+038 1.7014100000000001E+038 1.7014100000000001E+038 1.7014100000000001E+038 1.7014100000000001E+038 0 0 0 0 0 0 0 0 0 0 0 0 0 0 0 1.7014100000000001E+038 1.7014100000000001E+038 1.7014100000000001E+038
182.62273185776158 157.03606779663025 127.3271978791262 139.76420002038171 156.40773219018766 172.55601922868487 166.17624435086782 163.92656736379561 99.65647585188934 1.7014100000000001E+038 1.7014100000000001E+038 1.7014100000000001E+038 1.7014100000000001E+038 1.7014100000000001E+038 1.7014100000000001E+038 1.7014100000000001E+038 1.7014100000000001E+038 1.7014100000000001E+038 1.7014100000000001E+038 1.7014100000000001E+038 1.7014100000000001E+038 1.7014100000000001E+038 1.7014100000000001E+038 1.7014100000000001E+038 0 0 0 0 0 0 0 0 0 0 0 0 0 0 0 1.7014100000000001E+038 1.7014100000000001E+038 1.7014100000000001E+038
115.09578015556092 96.28083098051917 84.161602341859691 96.191883342288861 107.18572406037816 115.7015208617118 114.22949218976747 82.370427091237545 1.5626317484073764 1.7014100000000001E+038 1.7014100000000001E+038 1.7014100000000001E+038 1.7014100000000001E+038 1.7014100000000001E+038 1.7014100000000001E+038 1.7014100000000001E+038 1.7014100000000001E+038 1.7014100000000001E+038 1.7014100000000001E+038 1.7014100000000001E+038 1.7014100000000001E+038 1.7014100000000001E+038 1.7014100000000001E+038 0 0 0 0 0 0 0 0 0 0 0 0 0 0 0 1.7014100000000001E+038 1.7014100000000001E+038 1.7014100000000001E+038 1.7014100000000001E+038
55.16310511686207 45.677881268241364 44.063715234869434 51.483048830567654 63.29247863588953 64.776879763476813 56.185864155033173 45.61427479385231 1.2711643037773985 1.7014100000000001E+038 1.7014100000000001E+038 1.7014100000000001E+038 1.7014100000000001E+038 1.7014100000000001E+038 1.7014100000000001E+038 1.7014100000000001E+038 1.7014100000000001E+038 1.7014100000000001E+038 1.7014100000000001E+038 1.7014100000000001E+038 1.7014100000000001E+038 1.7014100000000001E+038 1.7014100000000001E+038 0 0 0 0 0 0 0 0 0 0 0 0 0 0 0 1.7014100000000001E+038 1.7014100000000001E+038 1.7014100000000001E+038 1.7014100000000001E+038
25.937375022133789 21.095501667380386 20.297401496604138 24.051194831699618 30.279703848688769 27.638952245764962 30.466886257925889 0.77535283938334532 0 1.7014100000000001E+038 1.7014100000000001E+038 1.7014100000000001E+038 1.7014100000000001E+038 1.7014100000000001E+038 1.7014100000000001E+038 1.7014100000000001E+038 1.7014100000000001E+038 1.7014100000000001E+038 1.7014100000000001E+038 1.7014100000000001E+038 1.7014100000000001E+038 1.7014100000000001E+038 0 0 0 0 0 0 0 0 0 0 0 0 0 0 0 1.7014100000000001E+038 1.7014100000000001E+038 1.7014100000000001E+038 1.7014100000000001E+038 1.7014100000000001E+038
7.4115537431620986 5.9631281982072215 5.729780239706721 6.8471142812980386 8.7582910979117958 10.888047571973958 0.51196951978186533 0 0 1.7014100000000001E+038 1.7014100000000001E+038 1.7014100000000001E+038 1.7014100000000001E+038 1.7014100000000001E+038 1.7014100000000001E+038 1.7014100000000001E+038 1.7014100000000001E+038 1.7014100000000001E+038 1.7014100000000001E+038 1.7014100000000001E+038 1.7014100000000001E+038 1.7014100000000001E+038 0 0 0 0 0 0 0 0 0 0 0 0 0 0 1.7014100000000001E+038 1.7014100000000001E+038 1.7014100000000001E+038 1.7014100000000001E+038 1.7014100000000001E+038 1.7014100000000001E+038
0 0 0 0 0 0 0 0 0 1.7014100000000001E+038 1.7014100000000001E+038 1.7014100000000001E+038 1.7014100000000001E+038 1.7014100000000001E+038 1.7014100000000001E+038 1.7014100000000001E+038 1.7014100000000001E+038 1.7014100000000001E+038 1.7014100000000001E+038 1.7014100000000001E+038 1.7014100000000001E+038 0 0 0 0 0 0 0 0 0 0 0 0 0 0 0 1.7014100000000001E+038 1.7014100000000001E+038 1.7014100000000001E+038 1.7014100000000001E+038 1.7014100000000001E+038 1.7014100000000001E+038
0 0 0 0 0 0 0 0 0 1.7014100000000001E+038 1.7014100000000001E+038 1.7014100000000001E+038 1.7014100000000001E+038 1.7014100000000001E+038 1.7014100000000001E+038 1.7014100000000001E+038 1.7014100000000001E+038 1.7014100000000001E+038 1.7014100000000001E+038 1.7014100000000001E+038 1.7014100000000001E+038 0 0 0 0 0 0 0 0 0 0 0 0 0 0 1.7014100000000001E+038 1.7014100000000001E+038 1.7014100000000001E+038 1.7014100000000001E+038 1.7014100000000001E+038 1.7014100000000001E+038 1.7014100000000001E+038
0 0 0 0 0 0 0 0 0 1.7014100000000001E+038 1.7014100000000001E+038 1.7014100000000001E+038 1.7014100000000001E+038 1.7014100000000001E+038 1.7014100000000001E+038 1.7014100000000001E+038 1.7014100000000001E+038 1.7014100000000001E+038 1.7014100000000001E+038 1.7014100000000001E+038 0 0 0 0 0 0 0 0 0 0 0 0 0 0 1.7014100000000001E+038 1.7014100000000001E+038 1.7014100000000001E+038 1.7014100000000001E+038 1.7014100000000001E+038 1.7014100000000001E+038 1.7014100000000001E+038 1.7014100000000001E+038
0 0 0 0 0 0 0 0 0 1.7014100000000001E+038 1.7014100000000001E+038 1.7014100000000001E+038 1.7014100000000001E+038 1.7014100000000001E+038 1.7014100000000001E+038 1.7014100000000001E+038 1.7014100000000001E+038 1.7014100000000001E+038 1.7014100000000001E+038 1.7014100000000001E+038 0 0 0 0 0 0 0 0 0 0 0 0 0 0 1.7014100000000001E+038 1.7014100000000001E+038 1.7014100000000001E+038 1.7014100000000001E+038 1.7014100000000001E+038 1.7014100000000001E+038 1.7014100000000001E+038 1.7014100000000001E+038
0 0 0 0 0 0 0 0 0 1.7014100000000001E+038 1.7014100000000001E+038 1.7014100000000001E+038 1.7014100000000001E+038 1.7014100000000001E+038 1.7014100000000001E+038 1.7014100000000001E+038 1.7014100000000001E+038 1.7014100000000001E+038 1.7014100000000001E+038 1.7014100000000001E+038 0 0 0 0 0 0 0 0 0 0 0 0 0 1.7014100000000001E+038 1.7014100000000001E+038 1.7014100000000001E+038 1.7014100000000001E+038 1.7014100000000001E+038 1.7014100000000001E+038 1.7014100000000001E+038 1.7014100000000001E+038 1.7014100000000001E+038
0 0 0 0 0 0 0 0 0 1.7014100000000001E+038 1.7014100000000001E+038 1.7014100000000001E+038 1.7014100000000001E+038 1.7014100000000001E+038 1.7014100000000001E+038 1.7014100000000001E+038 1.7014100000000001E+038 1.7014100000000001E+038 1.7014100000000001E+038 1.7014100000000001E+038 0 0 0 0 0 0 0 0 0 0 0 0 0 1.7014100000000001E+038 1.7014100000000001E+038 1.7014100000000001E+038 1.7014100000000001E+038 1.7014100000000001E+038 1.7014100000000001E+038 1.7014100000000001E+038 1.7014100000000001E+038 1.7014100000000001E+038
3.2685718989901411 2.5671708078375364 2.4582765768498036 2.9739939568093443 2.5134407510027352 3.179137438728314 0 0 0 1.7014100000000001E+038 1.7014100000000001E+038 1.7014100000000001E+038 1.7014100000000001E+038 1.7014100000000001E+038 1.7014100000000001E+038 1.7014100000000001E+038 1.7014100000000001E+038 1.7014100000000001E+038 1.7014100000000001E+038 0 0 0 0 0 0 0 0 0 0 0 0 0 1.7014100000000001E+038 1.7014100000000001E+038 1.7014100000000001E+038 1.7014100000000001E+038 1.7014100000000001E+038 1.7014100000000001E+038 1.7014100000000001E+038 1.7014100000000001E+038 1.7014100000000001E+038 1.7014100000000001E+038
5.3541741516040293 4.296243279472951 4.1211665148703167 4.9372406288225719 6.3069051796131745 6.8571257731788693 5.2637959690661464 0 0 1.7014100000000001E+038 1.7014100000000001E+038 1.7014100000000001E+038 1.7014100000000001E+038 1.7014100000000001E+038 1.7014100000000001E+038 1.7014100000000001E+038 1.7014100000000001E+038 1.7014100000000001E+038 1.7014100000000001E+038 0 0 0 0 0 0 0 0 0 0 0 0 0 1.7014100000000001E+038 1.7014100000000001E+038 1.7014100000000001E+038 1.7014100000000001E+038 1.7014100000000001E+038 1.7014100000000001E+038 1.7014100000000001E+038 1.7014100000000001E+038 1.7014100000000001E+038 1.7014100000000001E+038
8.1333286835295731 10.109546977640465 9.7509089250780505 9.9323448912727308 9.2309713616316849 10.804017614023643 12.111428469826055 8.1405804476097643 0 1.7014100000000001E+038 1.7014100000000001E+038 1.7014100000000001E+038 1.7014100000000001E+038 1.7014100000000001E+038 1.7014100000000001E+038 1.7014100000000001E+038 1.7014100000000001E+038 1.7014100000000001E+038 1.7014100000000001E+038 0 0 0 0 0 0 0 0 0 0 0 0 0 1.7014100000000001E+038 1.7014100000000001E+038 1.7014100000000001E+038 1.7014100000000001E+038 1.7014100000000001E+038 1.7014100000000001E+038 1.7014100000000001E+038 1.7014100000000001E+038 1.7014100000000001E+038 1.7014100000000001E+038
21.876892050263937 19.002482398199955 18.488964452383552 20.785170308670494 24.192050570432578 27.31285058848718 16.302910901146333 19.084589448595128 0 1.7014100000000001E+038 1.7014100000000001E+038 1.7014100000000001E+038 1.7014100000000001E+038 1.7014100000000001E+038 1.7014100000000001E+038 1.7014100000000001E+038 1.7014100000000001E+038 1.7014100000000001E+038 1.7014100000000001E+038 0 0 0 0 0 0 0 0 0 0 0 0 0 1.7014100000000001E+038 1.7014100000000001E+038 1.7014100000000001E+038 1.7014100000000001E+038 1.7014100000000001E+038 1.7014100000000001E+038 1.7014100000000001E+038 1.7014100000000001E+038 1.7014100000000001E+038 1.7014100000000001E+038
33.879648735775916 31.321720883440641 30.587558863045533 32.889833032886344 35.833507399541617 38.787499560807206 39.976216594458201 23.310788270156163 31.754805263345439 1.7014100000000001E+038 1.7014100000000001E+038 1.7014100000000001E+038 1.7014100000000001E+038 1.7014100000000001E+038 1.7014100000000001E+038 1.7014100000000001E+038 1.7014100000000001E+038 1.7014100000000001E+038 1.7014100000000001E+038 0 0 0 0 0 0 0 0 0 0 0 0 0 1.7014100000000001E+038 1.7014100000000001E+038 1.7014100000000001E+038 1.7014100000000001E+038 1.7014100000000001E+038 1.7014100000000001E+038 1.7014100000000001E+038 1.7014100000000001E+038 1.7014100000000001E+038 1.7014100000000001E+038
