data/gardner18po_fig3c.asc
ncols 361
nrows 169
xllcorner -180.5
yllcorner -78.5
cellsize 1
nodata_value 1.7014100000000001E+038
[rows 138 to 160 of 169, columns 0 to 52 of 361]
1.7014100000000001E+038 1.7014100000000001E+038 1.7014100000000001E+038 59.851976335469267 54.192599330525368 49.665040870881029 44.229071277243129 42.01022568658253 39.969720998755562 38.779088153524548 37.558346745858977 20.237960894310781 20.017707224658167 20.770806316521323 24.275537533313113 1.7014100000000001E+038 1.7014100000000001E+038 1.7014100000000001E+038 0 0 0 1.4827964853301265 1.1946098305251336 1.7349538959944049 3.9789838111826703 4.7331494040719058 4.3459516487879366 4.74596800537444 4.0011901437098416 3.3962095354175807 3.1655760393884345 3.4596068453158186 4.0427161522841475 4.6546495263624941 4.1043206291595684 13.651662980648394 16.70345679913363 21.736020090246964 27.532090092220383 35.596257199393555 49.231752672990993 45.884065462802965 42.433620622457234 42.020424680544359 30.540796627252753 31.453934606422667 33.012423189026464 33.15886762403666 33.381757693237546 42.287130151261195 46.556649125416499 51.374961373298007 51.834293557662818
1.7014100000000001E+038 1.7014100000000001E+038 1.7014100000000001E+038 61.040623559238462 50.601293007557487 45.801745403625915 41.969370581202746 39.561189101354366 38.584554541456328 38.033841817707483 37.493838380231651 36.798466984069634 21.827361928477039 22.512137845936039 22.859146803904501 30.240778260994588 1.7014100000000001E+038 1.7014100000000001E+038 1.7014100000000001E+038 0 0 1.6925249405915415 2.3328992066553957 7.1136932358334919 6.3311288794252176 7.5985280397950996 9.5697167623493495 10.908112830250642 9.0813070122388986 7.6135364591279409 7.1025596749351587 7.7969381987689248 9.1752778890712943 10.747967503182732 17.883192462478977 18.41404098128093 23.558089987261557 31.031367334058036 34.174033582656314 41.638406381356049 55.415147180226946 50.634856164966649 46.630204373360108 46.408030198556794 45.351123163048449 44.56908942238276 38.558006548060398 42.070113418883203 46.817381426033919 53.345419215903405 57.133601120776149 62.257975357274262 61.857542627788895
1.7014100000000001E+038 1.7014100000000001E+038 76.026884620221281 62.309555184625182 51.273558234603691 42.565543579465285 38.243853518733083 36.980173714622978 36.524646218208048 36.623800007903853 37.013892434985927 36.805765311452149 23.150396406138579 23.459344243845212 23.820704118738128 31.422496845940657 23.167425388393966 1.7014100000000001E+038 1.7014100000000001E+038 1.7014100000000001E+038 0 3.2518118934511318 7.0273652600157135 8.4174075803120711 13.611219994539594 17.933785401575289 16.333067297582598 14.022945803463518 11.943939420098642 10.400351020540839 9.8578932948998244 10.538458134055588 12.006935869855033 20.922931223570423 26.092561824104862 24.395069948519637 29.964160078826701 37.385531861055938 45.994730368511476 51.579482948700765 67.093719244715118 57.942072974924798 52.917317352842836 51.12884261811471 50.429509185876718 50.374053931652391 51.660694782764224 53.245951098552936 57.932633700433648 62.645858419810864 66.506079540241714 67.037556326799105 72.986703869758315
111.77095334051249 110.90685863459525 93.826291425576485 71.339150913001703 50.339088614683391 38.646312336242858 33.513594778435575 31.235023981666401 30.336639678459523 28.801622670530843 26.409312112849108 25.182952673389025 16.541113948275598 17.374137487469923 23.313339878770968 25.413096920325145 30.568012362530059 22.950564213941362 0 0 0 3.5062421551408294 10.690185095142779 19.252727625806585 24.425971671201815 22.536180784813858 19.884208608699204 17.357676629084192 15.16896200829653 13.349036550012604 12.622029541875355 13.377617414947784 20.456067407016519 25.21221281243588 31.509527646465031 40.102706115336936 48.420553076551847 51.925819508510159 55.785956672649057 61.376927619842704 77.965557870028434 69.809670160644686 62.449344643138673 58.238676419889075 56.141541723115921 56.353823905556595 63.657703736440233 69.209650655719074 65.643834684641661 70.902497874662529 79.504918673015737 87.086348226730635 86.917869846946488
137.20661173239162 148.47515856608024 125.77573088019477 81.925317688842185 48.154059366017293 32.408418690880943 28.277673069097858 28.000710043107528 27.228481558141223 25.622366865201631 23.857020488446143 22.276343935722625 14.384606523943308 13.725127566086236 13.354876792229867 15.481642699767489 23.879351347262141 22.222495344550467 23.320135737334343 0 11.632999211866409 14.523784548491093 22.815077677772436 32.394472980148848 29.61254860090007 26.416747668023564 23.945473790520754 21.637735039369481 19.273417697244252 16.914914425706741 15.780430129334055 20.860794052310027 25.048836934421825 30.475504831862267 37.245597983230951 48.17192989444672 57.060090528031644 68.270843328397547 70.755058067311381 80.472084458755489 94.191467481781856 79.843079723775276 70.06942711839298 63.269091705092194 61.688133992805405 65.515589615124057 75.689262126751331 77.736220473299269 71.482448875724742 80.773462353807389 86.640843336658321 92.887729524333594 96.108507179464198
146.54933672273651 150.77426788041907 132.98577454821191 80.470601487217706 42.761405566956327 29.289611992896823 26.866026598610791 27.495850277880706 26.896809373855596 24.771696703519655 22.496717788211466 20.589235665647404 13.866460832650114 12.78799893844951 12.15390529574886 11.871327881565836 11.653508112134091 15.157296786771465 19.336959927918393 25.148005941293835 1.7014100000000001E+038 15.496334837852467 38.491759713410026 35.052147519783205 32.597605755256886 30.73088523541746 28.79690394186369 26.600333823675175 24.644488862201083 22.283706519960731 21.011691581687668 26.437988606804971 30.755170968727121 36.301914447246816 43.682870883464219 55.549617284331717 66.509752873037527 80.75171658986676 97.664633127293214 104.46602677004222 119.89589246067277 96.7847468278853 78.914752734751744 66.236738709983001 61.113287586715174 67.160007732746848 77.874375301743214 85.097453356789913 88.691595836559188 87.88526329130201 99.757940972290569 109.4320636608532 112.50121186660326
133.59740401174611 126.55130261507759 105.55719228576862 63.935159036827677 39.2930543991232 29.188793097287814 28.239861689453772 29.075556969895313 26.911698135997334 23.543144985838492 20.997565451935948 19.209427489868418 12.861146312242385 11.770667594561639 10.618590733785465 10.642169888799554 9.6472273882359936 7.1520868280965288 14.722117562818593 19.518415200210995 1.7014100000000001E+038 35.307941266418844 42.562056930101015 37.749733293564987 35.89627687164846 34.111691614681092 33.575727052383044 32.715146435873919 31.558373966868512 30.115249659298218 32.301347182373988 34.256749774731695 37.924154246069996 42.451932971578408 49.203492466850292 63.229103093287684 77.828023161082498 97.250905495693587 125.71200806092256 143.14065088775376 157.45578998831976 123.82815339739213 92.288750735839898 69.534492165767858 57.24822010504807 62.046716565164623 74.277463662481424 88.976347809716529 99.723923184393627 106.97224788761187 122.62025802115505 137.0882139218169 144.84120039520846
107.78972905450381 95.586113112000248 70.184184171117309 50.341787508502804 35.392122684557556 29.283193569237309 28.552666756475141 28.120511480722257 24.855202987097297 21.545562052910118 19.642465708938243 17.519964579169809 12.723597328869243 10.866036494182449 9.7358663938783288 8.6417758720480169 8.4166561667936843 6.2517219331443572 7.2237664449112575 13.42796207846777 5.6295707058304929 54.30448713548877 44.241569816751642 39.581638405641421 38.710476883594005 37.923444312413594 38.083534967604209 38.420236109514477 39.076295169097271 39.349840811521432 42.830083764104963 44.161597907093174 45.804419529661203 48.305143616767346 53.696642298864319 69.322537038006644 85.516038779515327 116.84870177969121 162.55881139751494 202.49242173290332 222.21409954108535 161.93016427288808 110.25105727533111 75.274623179641353 55.537136559614062 62.193483688997475 81.274578814554374 98.784321244422372 116.62460433614213 130.17103569454682 154.58586699216406 180.47362468418461 197.96724915008139
81.905481389398986 65.455213474573966 51.18485091663829 38.761098703437106 31.291219793680305 27.129119033446511 25.318827201880669 23.382553288237812 20.768381965924945 18.924613388031048 18.236966516084994 16.342072469574603 11.960643627133004 9.9276064403755946 9.0418469588795496 7.8722803627302476 5.6904577323226118 5.2255139265556965 5.6108807661381901 9.4148666118399493 4.0474274613713046 54.189233917131205 44.949144914012564 41.037925906030175 40.778422269064954 40.525271058090681 41.991947652226038 43.943209984534541 46.200993763938527 48.647021324121035 53.725132636913379 54.506229115229416 53.17187561269175 52.712850223302837 56.076176828566389 70.964029649958007 91.746461239252454 134.5071820976155 205.0668949276006 274.87738622661345 301.40446297651721 204.85579807634136 128.33912936827565 84.986059082772698 59.0289460387608 77.448253426578475 93.67189713958075 114.46691902833868 139.36457866703074 171.40718339348993 197.24661969330612 230.94863649890513 263.38338169299118
67.845823344746165 48.207598407654395 37.977279226017529 29.647142696862762 25.285818389792674 22.034138338294397 19.642886168577665 17.428537916818474 15.73879222632444 15.360766933187417 15.46316229677122 12.495462088757217 9.9834249023167914 8.2847180662038866 5.7820817935353501 5.4080391540901633 5.0746510563758855 4.705597239521758 4.450998344418954 5.6025443291978361 2.471085606148661 51.058432933840947 45.954056355593153 42.593952120380926 41.729592536316609 42.072440687238419 44.27045061567263 47.594633033659981 52.437011737994801 57.855234580435059 64.758902006234464 63.90915336580192 58.266905551402225 53.587752438779837 54.384788810884899 67.381855814449025 87.721765325913481 132.56484292089522 212.00489606275053 302.48446606988296 332.24186950963394 220.45515352609073 137.48809023915214 92.966856075394176 65.767545685821275 97.967758011946174 112.23756835983146 135.09676508767447 170.89547408069103 206.55826030500091 241.22545188706582 286.82344886544001 334.64674618150627
54.572508031711855 37.542929390755432 29.607257593154817 24.431373238666914 19.992194030616279 17.219355781171519 14.77489632623192 12.74063159933443 11.308668467264745 10.826746498532671 10.675283532245004 8.5164545396806641 7.0053719211249472 5.6791825129588611 4.563153156155999 4.3183017382953848 4.0854163338201657 3.8592100330403309 3.6844328827469455 3.8093742196890186 11.15578599237254 41.705460332004677 40.742043644413933 38.913264930793574 39.555872429141537 40.806612182862182 43.402088234914565 47.986446400905137 54.519757141666318 63.371517947227872 72.660646997069378 68.932215137875644 59.113244123871233 51.368012970629437 49.807588059268923 59.157338655878917 75.160450550221341 107.77527487099383 163.46847372670726 222.25563892939692 245.862121614514 181.24263276591844 130.8918739282696 99.50928804752516 83.044818018991649 126.80252249800411 139.08894893079957 165.11134732001159 196.82389020345616 233.4858108959906 278.72911418829165 331.94948942127087 391.69047676694015
48.239059029646178 28.619856831476884 24.597322019132655 21.212652427780629 15.423032769725607 13.076937086458127 11.316387221260459 9.0461940353318724 7.6179632521054135 6.465765095303988 4.8067740473484841 4.4723781587402884 4.3357128454156371 3.4586599996738512 3.5058858150348944 3.5110096136968183 3.4250085176464848 3.2305249092807244 3.0597811957939824 3.0802078785995355 0.16518699389095418 36.971438121204621 36.956605776342514 35.885959467633413 36.812728181390312 38.699943196991342 41.288795276131729 44.9925757349706 50.136172779503255 56.828991431552666 64.753471383386326 62.589060513505373 54.613120309534722 47.579047161676819 45.451568688434975 50.953114971618461 60.546899373823202 79.999093681978906 105.17744069019666 136.4828054597991 154.40179697704579 133.62932949579155 109.38350832035702 94.143213517957363 94.773749603416874 140.1911931709158 158.52396694803306 184.03403592011745 217.42102680162145 247.50058465653944 304.16867044676644 370.94567271671787 442.99347936688724
34.782207220489454 23.910296004357718 21.12743580697596 18.022182587465803 13.981567786281628 10.744593463570077 8.9497053273364013 6.7858518374220438 5.1472622128561776 3.0206827252700297 2.5199876418508573 2.3259197487998291 1.9498530111972465 2.2776683490879073 2.62537806018043 2.8466274246446197 2.8002171601824561 2.6677453941694766 2.6010324042997608 2.6646576595720086 0.14019090396991599 28.627221950715636 34.230741943159551 32.859237820492645 34.201876714414006 36.025008636184275 37.330604456803101 38.398568558114313 39.950093663630419 41.750192582075712 45.913876179097969 47.182755108220753 46.082730507295381 43.978583539547934 43.465625056729486 45.607075355546449 51.279915129647762 59.297549930137492 71.3302737829721 84.538056311052856 95.757200227577925 93.440950748936487 86.382483826839831 81.542023930990581 85.595503784832815 146.10286641916468 166.45724516993565 194.47276100776477 228.74483309144497 266.3306211481559 322.27857673286547 388.59578751559758 466.47171926609167
31.098117056485407 21.92563358677646 16.850938531927319 13.915469424790777 7.4213099214135827 6.2198512184726038 5.0687502253440817 3.9062267422588715 2.6556360938103003 1.9001252882619186 1.5815703586845036 1.4622495931775079 1.2171150898797964 0.041072642738395643 0.054707129522418553 0.072423515867407917 0.085553400486040099 0 0 0 0.11664031733740876 23.160411806628268 30.493472216006545 30.666757764035058 32.206159955845166 32.261890779299307 32.202290745833977 32.148787370444978 30.677294403107425 29.406317849128264 29.35983245781393 34.462605205145792 38.074759219706593 40.373454376941481 41.502897427601866 44.103308446030596 47.047861747899766 52.89025801183039 58.178293075489279 63.313272657323637 65.690623931765046 68.915997970938079 68.458763387953042 69.062620857788758 78.687818175387036 128.4606245555035 165.0993539695757 198.8717621132916 234.22680627094473 269.01187148460235 325.66959669467218 385.49073508848983 452.77409031386816
34.94090825094468 20.67316709826725 17.024717724993756 9.6217895313398412 7.8351712096612625 6.2400760232734687 4.2221881099035992 3.1252400735949251 2.2230643827551209 1.4469641578506072 1.1809179343694527 1.1362238763104138 0.91274097346997907 0.053066132828925888 0.068836160957712 0.086606063654109652 0 0 0 0 0.085923815531051398 17.341156557509365 23.360737014629073 29.678239503503079 29.573799778015683 29.91683349924174 29.715074208483426 27.928352528670956 25.701254748679535 22.675344673320637 21.821417234607139 27.733342922861883 33.045131536668315 37.636736367425122 40.853125601575528 44.065891214430231 48.515285662622397 54.214153701724335 56.59183895975962 58.790890203980901 61.793723840296913 61.578620405926905 61.729807243551406 65.165802165076812 69.543350123225991 120.55254476267234 160.36290467615197 200.7642444255666 227.55335625126253 268.6061842584503 316.73383380212573 366.56986997968761 412.37777678461987
27.748381366199673 14.047389666514881 11.354989509508764 10.145091516513768 7.8544899024164403 6.0282478261407499 4.4617060651908798 3.2346538446563526 2.1914214445508029 1.3628711805094196 1.0896468313665639 1.0634159397031766 0.8252232236575211 1.0992290923334858 0.090578547164358938 0.10899932458835303 0 0 0 0 0.47781256829416813 1.997222897758391 22.500425257064169 25.095043221397905 29.650005274520936 28.866344955741944 27.048974535925328 25.7491977953927 22.538248462838379 19.373826553360264 18.621474339150506 20.922863877921774 29.72420613574435 35.701137036960596 41.448567222947482 43.188043281023603 51.072762006454042 58.650804352977524 64.039377733976451 62.40954349308042 71.678052025918007 71.088057517532363 72.283218768263296 73.260215120230086 77.90281151039386 122.72971425326274 159.33673360148205 206.18396318930368 230.75507988823011 268.02903966653759 307.58121352804278 347.6594041903989 379.13838093991609
34.987375694690307 18.636748667183632 14.78934313896756 11.482799472062808 8.292825560120324 5.7913043111147946 4.104493584581669 2.7605948297927263 1.7813152997628539 1.1845644696848674 1.3096125610579636 0.95630869884955794 1.0990982062801424 1.227963954322288 1.5032922661531041 0.0079973214469559427 0.14951753104464791 0.15041984118889637 0.15288306427719595 0.14645144823487583 0.57590809619355443 2.5697206413977356 17.691882773467444 24.440563294306614 25.42768506188283 27.099357033908802 26.062424554553925 24.931496165098256 21.791878511637176 18.837428026578316 17.9169886955336 20.667879318591371 25.18005649163981 35.682983600537398 43.422906166341626 50.667970948263651 59.339695035399473 66.698949549184988 70.038135395087153 75.59251643124189 89.970179796933948 90.080607182671258 91.295219419153639 93.401176982111977 99.329616608335627 140.63313815080849 169.75477688479126 193.97480983824639 226.45097977233274 255.41321284227075 283.425938516928 307.25777845281607 333.19370941054035
52.940689858048152 36.638215676671919 28.754283158735927 23.283632977376875 18.170622749725293 10.249359284840805 7.0915656674159253 4.9231997085546615 2.7236823377908075 1.5949583100422013 1.2080833296795344 0.90629560444528046 0.94601748041501776 1.281061167718591 1.5196011970548127 0.18746598928063513 0.1837296751517393 0.17288156862617327 0.16665592220706399 0.15384292565754673 0.60870550142685831 5.0443536922471592 10.167315323377824 21.268353385342049 24.35082146644119 24.665273845024529 24.91258997525253 25.340526580508623 22.983462143951261 20.424424221191856 19.901264967040902 22.296020788798064 27.084527133263578 32.808896286847613 45.656081783778781 55.804749556560125 66.979821225564535 74.779310463845775 79.579325671909231 92.717941414499592 109.57320698304888 110.22266834067742 110.79749165698369 113.56300743439827 121.20189818913499 144.03997633339031 172.99504433740805 200.02922000540374 220.05531646238276 237.84328223358082 256.11283737331399 270.8263919314756 290.94874332751141
62.331407490558384 45.310066744388607 35.787665744335328 30.002647861942261 22.990858994949267 16.411222030262863 11.097650196835682 8.1014074349784728 4.1267134588416079 3.0565713156865155 1.8712777271236485 1.2082460451047594 1.5926652910573702 1.315485686425951 1.3838486532498782 0.22829781090980567 0.20717633641075792 0.18953182041369393 0.16861315530465412 0.40616389082404503 0.54882669195242928 5.377821384425217 10.540582145637652 13.362512688092208 20.934466166167631 24.229578348972638 25.222913988492937 26.014559223982612 25.519288174146983 23.970865379875516 23.609058262558293 25.691040625051897 29.705958364096567 35.641366313163957 43.60053018615271 60.478926578923534 74.400080028870832 81.916959608293979 91.307943498190554 106.75039343744413 125.70658971423016 125.22205973991039 124.70043666585181 127.98258763932806 130.74931513168866 154.70400219736021 179.07137297185434 205.89681548182776 218.44862097502417 217.62127698157931 219.60764949786522 232.01158304761552 247.60678350112872
135.77180705778119 100.4873929094892 67.798241568430456 51.057309073298804 39.596214662526585 25.769742586059248 14.60256392436396 10.893525104074575 7.8499879931243539 4.2032318805600584 3.2271479607967621 2.7062165884620013 1.5926346291420046 1.2537790015302301 0.87007909451206589 0.49685253509062166 6.68174756957192 7.6041592328720595 6.3812880122763174 7.1583246972091779 1.2898508511283864 8.6651185386195468 11.808038605065201 13.848799378568243 16.684777720043368 22.049666256830335 26.051219255640451 29.510883239065357 30.890620754823665 31.288036569293848 31.729956549890368 33.010986544097456 35.279509562318836 39.946119450356697 46.59111401327263 58.126370591472664 73.296730380409699 82.232264715312468 92.277764871500452 110.27018711618273 128.78907735212297 126.35543182864899 125.42432824004365 131.82968507169261 145.66754660163949 166.26476501535276 186.47818477386409 206.46968574409595 216.46205657854907 207.62402636670444 199.13225645386166 206.44417393689432 217.64467277154566
153.1219604372485 128.23024466190964 96.44163295304466 78.379972214629561 57.113010339158109 43.210901878128631 30.073632475299604 20.482228305750734 10.91656567213213 8.003620690514456 4.6838203326492627 4.0602579796286271 3.7407682032510392 6.5195613745702028 7.6794534783875221 13.05756230490922 21.66988150395855 25.580800277294305 28.474074560461432 34.730332628929737 38.930870700137845 39.352890141789459 34.181591670366622 20.974076295238444 20.034103426976365 22.822624517834537 26.357134390199626 33.162311266086633 36.761937347152269 39.650886882337481 41.438373480642291 41.404103720845164 41.274050028365579 43.754274168404926 47.424495376349952 60.209899420186225 73.186703200366267 84.81698212634349 95.344695968826869 112.27862692169592 130.53030530021616 130.44195418359479 132.02575413809154 138.81989386009718 152.99981420494908 171.57316394801651 185.28874034405601 195.68651120161357 202.1441581812289 202.55906536302481 194.50087458633504 199.49389441106524 207.91735039742966
181.36212576514072 157.26961058927495 134.9163280263102 98.928300647671549 73.360077812484022 64.406272883585686 50.787788155487227 29.952611540246561 23.221319983089643 11.734612928409895 8.9096764258408747 7.3715535616178531 9.8984095300517208 9.9824905833035587 14.692309978792464 21.888524707004304 28.153096448664222 34.556331167047205 42.204755135245478 49.609990079998639 60.02051377179891 60.015383564801496 56.88850670888494 46.204623858855264 40.920136857036788 28.523995430561762 32.456716944634252 38.186530304857293 43.073231798351486 47.517675146478993 50.110739778005254 50.0444546817576 48.745406757936522 48.230387343331159 52.236981155040624 60.86541169027533 71.787949075515485 82.458865015839152 94.132685794740524 111.11572687954197 129.29908183420065 131.60864326445636 135.86597777401337 142.64949740211662 154.05687481930048 166.71148054701342 180.21349680708951 185.92152640804798 191.48653212565105 190.94994611175136 194.10892362385442 201.51782586726904 208.47927324400652
218.23848790711182 199.56732903197189 171.02851495137926 148.76621012938296 103.56994606705886 102.00149570643092 113.08724978134349 81.306847358357999 41.221246139793742 24.526164755721972 15.62328610929389 13.068482274730911 15.888058664797386 19.911439794997001 20.921600854713859 27.629536663474454 37.800313077054682 50.115001432423711 63.638776111762681 72.535051128561008 88.380361072443947 83.987932666170494 76.112746937702113 66.628861809157897 56.455497721690499 49.982378087002751 41.918042221780262 45.486869756813547 51.453098736965764 56.761767947145024 59.644975216256434 59.19915497430955 56.387638234190526 55.216596369488151 57.826153598836484 64.099128510956163 72.398034870921336 79.941828129219175 91.280617998988845 110.50413711930035 130.04319354405192 133.07991035439508 139.0379675507958 145.04659105643 153.09922011245499 163.71239875905343 174.20293275564222 181.38088679703441 182.50050049369432 185.6104829638152 181.48159174357536 189.98825529669634 195.38144664983497
