data/gardner18po_fig2a.asc
ncols 361
nrows 171
xllcorner -180.5
yllcorner -80.5
cellsize 1
nodata_value 1.7014100000000001E+038
[rows 133 to 151 of 171, columns 126 to 167 of 361]
499.49960011470438 592.42290009166379 719.25241087823736 694.77122911089702 704.99277290023917 673.02750005258349 587.29897683948786 524.01883517645808 515.75829989290787 524.66018984828384 553.12266226256236 531.42826476344669 524.31055012731781 522.37028130835961 528.51580595560358 554.64990974975342 515.14549937666584 614.46520683575272 609.02088763550682 520.39099289473188 442.02066809345234 414.96889460951775 416.99234680992771 382.06302817098469 321.29203636062562 259.80246700701957 229.63759637786941 213.30221340877199 228.74140544045216 245.12751531882014 187.97732431384355 149.75730955946179 133.47744522350254 1.7014100000000001E+038 1.7014100000000001E+038 1.7014100000000001E+038 1.7014100000000001E+038 1.7014100000000001E+038 1.7014100000000001E+038 1.7014100000000001E+038 5.8565162214784676 1.7014100000000001E+038
522.44386127153655 594.07066010453923 679.83791451574871 744.90170127780914 771.57215742794801 734.30978297039826 657.70496231855884 599.28568560477538 579.90758953504633 605.41797218131421 582.61373435161715 562.06357492602717 551.71329859033779 551.12392019269043 562.53067837665208 588.8979245744606 633.14481332243963 663.61613831133604 630.84928901354829 596.06843192647375 563.94262782173541 547.90411639624188 530.14164096828699 470.56305210145831 407.85750897788148 352.62083728884932 320.13917166454206 303.32748101230248 330.45417462883142 313.20284632877809 257.71629262691835 205.00431059859767 210.45437156802907 1.7014100000000001E+038 1.7014100000000001E+038 1.7014100000000001E+038 1.7014100000000001E+038 1.7014100000000001E+038 1.7014100000000001E+038 1.7014100000000001E+038 1.7014100000000001E+038 1.7014100000000001E+038
541.6484306436721 617.55217716234279 693.15187042203661 771.94284075760436 791.24188316694483 767.59995637735267 683.8095661658673 646.83090802412789 647.10856778781078 614.05834004566441 597.75332744084699 587.45664710024346 583.06106158750129 585.22097808337912 598.17558594846059 623.06530715620659 680.21893623286496 677.0944403780511 618.72653881857934 604.65849643322588 652.74540247955417 652.90777289458106 621.70623978360186 577.71546841571967 518.86085220664665 455.5826926229131 425.0621906541333 432.88013975806825 436.60778225086477 385.20017026361376 303.52596829968968 240.93424593224205 1.7014100000000001E+038 1.7014100000000001E+038 1.7014100000000001E+038 1.7014100000000001E+038 1.7014100000000001E+038 1.7014100000000001E+038 1.7014100000000001E+038 1.7014100000000001E+038 1.7014100000000001E+038 1.7014100000000001E+038
567.99478764416392 655.42164094454768 721.36436485722993 779.25379681277786 803.51956060350642 777.70979834602736 698.66460595942658 680.6072771790233 632.41296664742299 615.06211145730242 610.31817372489968 617.96204793215372 629.37115141445656 641.09569777041486 649.92256903156328 702.88775540628376 736.02705429015884 730.84147306443469 711.23506835548062 646.78212900816902 698.48300604333804 708.93536789688301 699.31136869099953 662.62308146204703 600.22925023236201 549.22729810455382 533.21602693023385 542.99374180294728 503.87548046079849 448.60614040493095 360.05583518053834 340.09769804365078 1.7014100000000001E+038 1.7014100000000001E+038 1.7014100000000001E+038 1.7014100000000001E+038 1.7014100000000001E+038 1.7014100000000001E+038 1.7014100000000001E+038 1.7014100000000001E+038 1.7014100000000001E+038 1.7014100000000001E+038
585.72228748377495 674.16328862766284 736.49862855821243 792.65177854590843 817.80840378917253 776.47009866524263 734.41388396694845 656.60806920651146 630.31813525047278 612.57757467005263 611.8353244287639 639.80006941367014 670.49306607791436 689.20542785495354 702.48251008319414 722.73467195392527 760.84366457750639 774.90779901900032 725.85114461243336 701.51698244592944 730.55382391190733 753.75429716636461 754.40629618162041 723.15563375109343 668.99618103574778 644.26715318214428 628.22272926320341 603.26323949271773 563.97735003359116 476.97542600116896 413.41226514479587 1.7014100000000001E+038 1.7014100000000001E+038 1.7014100000000001E+038 1.7014100000000001E+038 1.7014100000000001E+038 1.7014100000000001E+038 1.7014100000000001E+038 1.7014100000000001E+038 1.7014100000000001E+038 1.7014100000000001E+038 1.7014100000000001E+038
569.09589239319359 657.50519476094053 723.03283710218159 780.76695473203483 805.50809626629666 779.34963694535452 734.97116068305365 660.84876733369515 622.32954306830629 620.87780349548063 639.20063921126814 680.77882030706928 720.27124271826142 736.621887440867 704.88295678305246 701.71906516469687 711.91320816741495 786.54605957889498 738.84942633404592 734.32336221067555 734.5896722440275 766.67888599632306 768.01506853610908 746.20467430774602 706.84825598261239 741.18685806176609 718.66452859270555 639.32493831806255 583.6406876618471 514.21140027076137 1.7014100000000001E+038 1.7014100000000001E+038 1.7014100000000001E+038 1.7014100000000001E+038 1.7014100000000001E+038 1.7014100000000001E+038 1.7014100000000001E+038 1.7014100000000001E+038 1.7014100000000001E+038 1.7014100000000001E+038 1.7014100000000001E+038 1.7014100000000001E+038
543.1423327080164 619.93059810403838 695.38090375748959 773.89775635561068 793.58109741427825 769.58671772609512 721.83645703653156 650.57510629930925 624.29979788345656 629.99103264251926 654.28905086024372 695.3807436650261 743.67306074453018 709.70962242715166 678.28839258408061 664.22242302524171 681.17683126705344 720.08960323640883 692.93185929617596 712.49550749295804 740.45554794772931 761.08098800126913 748.27994053724922 730.96211044269535 734.28836118636434 784.9791017013838 775.1909458469321 702.30882606521368 616.45657132573695 587.72614681226776 1.7014100000000001E+038 1.7014100000000001E+038 1.7014100000000001E+038 1.7014100000000001E+038 1.7014100000000001E+038 1.7014100000000001E+038 1.7014100000000001E+038 1.7014100000000001E+038 1.7014100000000001E+038 1.7014100000000001E+038 1.7014100000000001E+038 1.7014100000000001E+038
523.86997089998556 596.10753945899876 681.75924384349184 746.66933489942903 796.8765104777749 760.27074450915597 693.6321700353592 650.17965946063453 623.73050724844336 615.21252606992664 630.26763023777255 650.84736847139197 636.07575458979966 644.98976303333814 617.31197740065602 579.08390813526751 594.24666655675685 636.88466159453003 625.44013634991404 685.18421914420196 736.41344850777341 757.64040996487688 735.38430335540386 721.09607583506795 711.21070750764375 789.15815984201606 807.24458088096378 751.02724981022368 679.43028421147153 1.7014100000000001E+038 1.7014100000000001E+038 1.7014100000000001E+038 1.7014100000000001E+038 1.7014100000000001E+038 1.7014100000000001E+038 1.7014100000000001E+038 1.7014100000000001E+038 1.7014100000000001E+038 1.7014100000000001E+038 1.7014100000000001E+038 1.7014100000000001E+038 1.7014100000000001E+038
500.82955891961592 593.93219528897964 720.42921617165916 775.77009361148009 804.58351092911187 1.7014100000000001E+038 654.56542587255376 624.52739443072244 602.95716469388003 586.52999361554077 568.93032096362356 561.29981920262594 510.58855657088526 535.23262731203818 532.93731693545215 522.64246079246914 519.06859516719805 528.14860479793936 553.43204021135523 622.91144780467835 691.03476129391015 705.77274756873169 696.61087758474423 680.52180814054304 662.09934307165327 699.52395738306257 765.71144581549038 742.77894615783123 1.7014100000000001E+038 1.7014100000000001E+038 1.7014100000000001E+038 1.7014100000000001E+038 1.7014100000000001E+038 1.7014100000000001E+038 1.7014100000000001E+038 1.7014100000000001E+038 1.7014100000000001E+038 1.7014100000000001E+038 1.7014100000000001E+038 1.7014100000000001E+038 1.7014100000000001E+038 1.7014100000000001E+038
523.0330497350742 645.20381207337971 776.47611573741187 1.7014100000000001E+038 1.7014100000000001E+038 1.7014100000000001E+038 535.88415069780422 584.37381065729789 571.90447805565805 546.82989084349072 504.32620628869279 448.01222849571292 410.1738410038941 443.28345592274621 445.92352483424622 434.98483802765043 425.49050478412488 417.38183615192492 436.76391298447982 485.62953726096646 562.75534763092196 597.76007274047379 603.14929217405677 602.32154496299393 575.31115777501248 561.49579415937251 676.51035983474071 722.31689271968185 1.7014100000000001E+038 1.7014100000000001E+038 530.35234245905986 530.63403823134445 1.7014100000000001E+038 479.75651502369453 1.7014100000000001E+038 1.7014100000000001E+038 1.7014100000000001E+038 1.7014100000000001E+038 1.7014100000000001E+038 1.7014100000000001E+038 1.7014100000000001E+038 1.7014100000000001E+038
1.7014100000000001E+038 1.7014100000000001E+038 1.7014100000000001E+038 1.7014100000000001E+038 1.7014100000000001E+038 1.7014100000000001E+038 461.54946746067304 550.36644690377159 508.24977639793855 478.39836189138674 448.51577455650977 376.05939839697186 337.98362948183512 353.94727148779066 386.34100567814056 379.69250046222339 356.53607927667667 329.32867904569446 330.83597989643687 369.64689304836531 438.39871154492124 471.95715713771494 461.53864591089888 461.33731866529047 486.99230499291565 532.61786658406754 537.33700821753462 458.72572045731539 559.27275112576694 603.28054655726157 630.95668578515847 592.4710907324602 579.26339270884398 584.62915718572594 626.97871343698205 1.7014100000000001E+038 1.7014100000000001E+038 1.7014100000000001E+038 1.7014100000000001E+038 1.7014100000000001E+038 1.7014100000000001E+038 1.7014100000000001E+038
1.7014100000000001E+038 1.7014100000000001E+038 1.7014100000000001E+038 1.7014100000000001E+038 1.7014100000000001E+038 1.7014100000000001E+038 1.7014100000000001E+038 245.38156054922089 428.91355179055313 435.09241000070148 380.67737141977329 324.28063375574777 298.92396479808707 304.19699843339509 314.81768124196088 301.13228527512388 274.21753516231837 243.92404462084696 262.77818097046332 290.66726932667524 301.61256031056251 287.40255042235367 329.99531259343087 391.89691531242801 404.80888762744468 412.06918678584566 303.71779578651234 352.140135926879 517.95550677850053 652.97046165740551 1.7014100000000001E+038 670.81677084812827 683.0450395103129 658.70441614134143 635.28462787253147 604.69786701147518 1.7014100000000001E+038 1.7014100000000001E+038 1.7014100000000001E+038 1.7014100000000001E+038 1.7014100000000001E+038 1.7014100000000001E+038
1.7014100000000001E+038 1.7014100000000001E+038 1.7014100000000001E+038 1.7014100000000001E+038 1.7014100000000001E+038 1.7014100000000001E+038 1.7014100000000001E+038 1.7014100000000001E+038 196.18161336023616 377.14818520071645 375.89102026712163 321.60826151007745 286.91114271743777 258.63696942101012 304.4990342614164 298.43084672775575 264.15866856823254 216.54726363620139 242.28121584183884 240.73332101403696 226.39872658687571 223.95963016120251 233.17318548838404 273.82793401032632 316.35743550922263 359.60924763057744 256.46977359782545 375.77547910650816 478.7151397053816 601.29518874736482 651.59183098081314 675.06336271971736 694.21435573339818 675.79388715423431 659.36941897605732 578.88925536802628 575.12330037344725 1.7014100000000001E+038 1.7014100000000001E+038 1.7014100000000001E+038 1.7014100000000001E+038 1.7014100000000001E+038
1.7014100000000001E+038 1.7014100000000001E+038 1.7014100000000001E+038 1.7014100000000001E+038 1.7014100000000001E+038 1.7014100000000001E+038 1.7014100000000001E+038 1.7014100000000001E+038 275.07905252235554 229.71545224873287 283.20049877737767 302.19499719807027 277.04615460016191 264.84685053752054 246.61872673612709 180.38071324242671 171.0127253357318 162.14231711732015 215.25154804143369 218.2519160177369 165.20356377464913 155.65106623063173 167.01752572137147 188.47164670195144 207.98794763266355 218.05396887844171 262.37509149240071 379.82358368670947 459.85101636420427 532.06116490664886 643.6388222464351 680.18803270517401 694.94468884324908 699.65928888493681 651.83874548900553 591.44781733905245 553.01108028976989 496.98249737181834 388.98831561925624 347.31365431052654 1.7014100000000001E+038 1.7014100000000001E+038
1.7014100000000001E+038 1.7014100000000001E+038 1.7014100000000001E+038 1.7014100000000001E+038 1.7014100000000001E+038 1.7014100000000001E+038 1.7014100000000001E+038 1.7014100000000001E+038 1.7014100000000001E+038 285.75756808903532 251.95392319343759 243.35281704093362 264.62393938735744 224.65497532430513 205.70083447961841 211.90103688206213 198.8923614904501 178.88876927892849 211.90377340152153 215.23626175359374 167.31490174194306 173.61653391416795 190.64806902864549 179.30498956115693 196.19532506184683 223.25455560126386 288.29792522210124 386.64906088606722 465.3024052132476 511.00958850349758 626.626000670042 685.90552353679277 718.74527199865236 729.55280798842898 678.36359598149829 608.80004446959458 529.57225353004321 469.69292181764456 375.25998730858538 328.71531139729143 1.7014100000000001E+038 293.10566662705816
1.7014100000000001E+038 1.7014100000000001E+038 1.7014100000000001E+038 1.7014100000000001E+038 1.7014100000000001E+038 1.7014100000000001E+038 1.7014100000000001E+038 1.7014100000000001E+038 1.7014100000000001E+038 295.02102443141217 272.95373080575973 311.39140949609691 308.33251900897517 280.36859861586987 262.26720192011919 263.09392434942941 254.04562499726057 218.5969510561697 216.40787217014383 202.11533324122479 176.64173316321057 179.42135552665559 180.0343887641767 173.83366623838205 179.2683345582218 212.36200424861309 307.66409948581014 397.22687198409551 475.77657035920794 507.44750524194791 592.33601011179132 690.84314426033814 737.08347472852006 754.61891048463031 700.29666856978236 617.63857972768358 529.73665418159521 469.56802000659803 374.46662568660236 326.25894650618449 1.7014100000000001E+038 287.89606444378774
1.7014100000000001E+038 1.7014100000000001E+038 1.7014100000000001E+038 1.7014100000000001E+038 1.7014100000000001E+038 1.7014100000000001E+038 1.7014100000000001E+038 1.7014100000000001E+038 1.7014100000000001E+038 1.7014100000000001E+038 1.7014100000000001E+038 313.36232503439959 331.53720206814165 359.2577922417297 324.71159839500268 322.36117748908708 321.96231634619136 291.32690322509825 242.30734709241253 215.29549754495329 189.1002844550369 173.12943855979756 159.57102893968522 145.10084602763848 153.79164830476131 198.91849883632997 311.25338061375197 413.93985022381634 487.97661523215942 511.9302813514945 572.38462738299313 689.58567056193294 735.19530435523677 753.63016964335202 703.07523215196306 626.94019437509257 542.45478662623327 498.07741311189528 390.88084969833608 343.30873790852473 1.7014100000000001E+038 295.33231111888381
1.7014100000000001E+038 1.7014100000000001E+038 1.7014100000000001E+038 1.7014100000000001E+038 1.7014100000000001E+038 1.7014100000000001E+038 1.7014100000000001E+038 1.7014100000000001E+038 1.7014100000000001E+038 1.7014100000000001E+038 1.7014100000000001E+038 304.30920685974456 332.52931210919144 391.94850619684877 447.41495944039292 407.79179190368109 415.64324624239879 355.09663969881154 298.34352393727721 247.10972585722416 208.50787657015144 172.21389977215455 146.62226241437077 128.68376900120421 141.01057448249392 198.28873965119232 307.41117853986532 408.88189555742298 487.45687110363929 527.9951181281067 586.41384792640656 681.09154804853847 715.40823063480889 729.20886646953568 706.21924280609869 629.51645870422237 557.8757743475885 525.55698626079959 415.17222931529108 1.7014100000000001E+038 1.7014100000000001E+038 1.7014100000000001E+038
1.7014100000000001E+038 1.7014100000000001E+038 1.7014100000000001E+038 1.7014100000000001E+038 1.7014100000000001E+038 1.7014100000000001E+038 1.7014100000000001E+038 1.7014100000000001E+038 1.7014100000000001E+038 1.7014100000000001E+038 1.7014100000000001E+038 1.7014100000000001E+038 346.89767186067218 399.87607719627295 462.84595721643427 521.19780216294248 495.20891870435651 426.25206188232852 351.25515015622466 282.77901916988583 227.99364443577923 184.63964214395878 154.88970137538365 137.23479503310358 133.19868574853851 203.86965240281964 289.39455546878048 395.65679841051957 475.00252337191432 530.70398683781605 618.3483615629732 673.95228368963001 705.53326630749598 702.11401586483805 688.04915833340192 624.09222129923205 592.78329997940421 551.96540755239494 437.91811861818422 1.7014100000000001E+038 1.7014100000000001E+038 1.7014100000000001E+038
