data/gardner18po_fig2a.asc
ncols 361
nrows 171
xllcorner -180.5
yllcorner -80.5
cellsize 1
nodata_value 1.7014100000000001E+038
[rows 114 to 132 of 171, columns 168 to 209 of 361]
0 1.7014100000000001E+038 1.7014100000000001E+038 1.7014100000000001E+038 0 0 0 0 0 0 0 0 0 0 3.0975803585341168 7.6962128817925439 15.613759548658777 26.506226098630467 40.536483965361107 61.774657379891501 111.02205642526206 171.65049432595802 140.19277802948986 87.609649745773524 76.01239089910132 57.67827712485505 46.235155354541256 1.7014100000000001E+038 1.7014100000000001E+038 1.7014100000000001E+038 1.7014100000000001E+038 1.7014100000000001E+038 1.7014100000000001E+038 1.7014100000000001E+038 1.7014100000000001E+038 1.7014100000000001E+038 1.7014100000000001E+038 1.7014100000000001E+038 1.7014100000000001E+038 1.7014100000000001E+038 1.7014100000000001E+038 1.7014100000000001E+038
0 0 0 0 0 0 0 0 0 0 0 0.78922043279278176 2.9569414486933852 4.0864416678310684 7.6790279269611474 12.939463395579732 22.355151011355382 35.54017330784724 51.372511377418334 74.578481869355258 108.63538996463551 160.03784569215455 136.55413716709978 101.03802691127478 74.978506128859351 69.501396212815308 54.22001073978592 44.720020818609555 37.617998927179826 1.7014100000000001E+038 1.7014100000000001E+038 1.7014100000000001E+038 1.7014100000000001E+038 1.7014100000000001E+038 1.7014100000000001E+038 1.7014100000000001E+038 1.7014100000000001E+038 1.7014100000000001E+038 1.7014100000000001E+038 1.7014100000000001E+038 16.95047746726889 31.733943655909226
0 0 0 0 0 0 0 0 0 0 0.70109167953905149 3.7898524779550096 6.3771241298414392 6.5157206551336166 15.621215875983554 19.707193980887745 31.705376494998863 48.527587519374158 67.777798080624692 89.484581902777336 118.64547502722974 157.0214063194359 136.01452323592062 114.01130645732327 87.689662209298348 66.774361123703869 62.056155296720839 50.547088285140589 43.289316949723428 1.7014100000000001E+038 1.7014100000000001E+038 1.7014100000000001E+038 1.7014100000000001E+038 1.7014100000000001E+038 1.7014100000000001E+038 1.7014100000000001E+038 1.7014100000000001E+038 1.7014100000000001E+038 10.347350808072202 26.661801051737079 26.6162228938704 27.971840649879756
0 0 0 4.4278352619608619 4.6693927599046416 4.6596831201874362 4.3561089062470435 3.4181801231164308 2.8913658892625071 3.1277741457887154 7.4620175163983049 11.981165002102605 13.843556010810646 15.72651686542342 21.862513884479583 27.404011858760569 43.545280647773716 64.444645658563985 89.324335999035952 111.41135987332378 123.67144888243189 162.84568626211217 138.21207462975426 110.29821293252706 92.800663038119467 72.69378886038858 58.000185154177125 48.249482141704853 42.299989648760864 37.42168152109943 1.7014100000000001E+038 1.7014100000000001E+038 1.7014100000000001E+038 1.7014100000000001E+038 1.7014100000000001E+038 1.7014100000000001E+038 1.7014100000000001E+038 8.3337025723672049 14.983846893633418 26.44429607222116 26.337834600724513 70.86780428995749
0 2.8308910304628281 3.4609951498299818 4.1230587229076088 4.728863623494286 4.9239078959596849 4.504737378327321 4.59282933304012 4.9143293497592921 11.487923982400755 14.672962521288978 17.277149182763953 18.379615713460915 22.681395601030534 30.968955406568579 43.811047590091547 65.804047410578093 93.660601082810558 121.18732755010511 141.22185273776253 145.17504604732477 166.27728406316942 137.78065174584341 108.38410974650466 85.632709651359505 66.315323735085101 53.485234679996687 51.208579424382748 45.609016172045166 41.593241645354603 1.7014100000000001E+038 1.7014100000000001E+038 1.7014100000000001E+038 1.7014100000000001E+038 1.7014100000000001E+038 1.7014100000000001E+038 242.83549187722051 139.28840274456672 13.851104610117194 26.230982386866895 26.026491130783832 69.929743123961273
2.4167587281921881 2.9246573710675485 3.7506507536913127 4.6334900119557911 5.2161824280326377 5.5705124311566463 5.0961344316037298 11.129338853211886 12.743101749519484 15.345365016899034 19.008133563599536 23.825566314289489 27.410657887778328 30.538256394597465 41.066218789255494 56.497412789239164 84.571689170329506 118.04733901162824 152.55840522592115 173.92430128281987 170.39161414141302 172.92310487204452 137.59635052788946 103.82366185653812 79.133966833648628 60.652418908986412 49.435958988865714 47.856517426977653 51.817781851629974 112.5754888146932 143.266346148325 1.7014100000000001E+038 1.7014100000000001E+038 1.7014100000000001E+038 1.7014100000000001E+038 242.58995328836485 149.52624125692728 145.93817548097658 139.2442843051748 13.859175981810129 25.751463779294735 68.121659004332898
3.1771814560489737 3.9306050830495773 4.983714650604929 6.167599722561862 7.2987074671285557 7.4698693965469394 6.9014222023673941 14.566778419392023 15.945881181175327 22.564803759840384 26.708643963356256 33.722087117529696 39.784031579195045 42.398392356688788 51.559654942638041 72.382846926893549 102.6650523300932 136.90139816478612 172.95361880087682 191.70950827496256 182.62741604124909 173.57262721382551 137.66560310309799 101.76674375646566 76.248595355420065 62.110510656420423 97.538981497489729 111.96575191985508 140.75203358183998 189.27523967867481 249.03293799980284 327.29059869586291 273.26202845544435 1.7014100000000001E+038 108.62450158483524 203.57665004943306 152.94817818971595 153.56450720190833 149.95853618041642 139.50301428491741 25.620330632050614 69.209563481220172
4.6283679453861293 5.5823686483066091 7.0819301282123313 9.1677044437438084 11.151746881192597 12.470276698634986 11.204296011844502 19.490340810680642 23.716501113999989 27.788919159345735 36.185179095734654 45.841620808119046 52.776769993062395 60.463538429002064 65.924758912269979 84.093365736994443 109.19306554304978 139.88273303811152 169.62050822301762 185.03451593656627 183.3826951460745 174.30977934615819 137.67849678761644 103.82652949478695 139.03601843950671 179.61155459725938 190.66814780784134 223.81132178835114 282.54615349569815 313.18710703656814 393.07127821460773 389.95652044297276 449.84934461296763 1.7014100000000001E+038 322.04848590916885 193.70867668094667 159.61053190263746 160.35758969204122 159.50120808070974 155.89765083379339 140.81037183493123 78.407985062944775
6.0164895078139535 7.3766010481349751 9.3702030647006307 12.464681195235132 16.49743367277723 19.834435672322954 19.067786610605655 29.894645371484415 31.183888548450515 36.23050830764128 48.553084124547382 62.956349914543743 73.946366631808843 83.39495341126046 84.944619011630337 96.075937875929483 109.7086134162912 129.73455469179376 150.29852563736389 172.71727650435267 171.95864798302082 169.81570790655297 147.09125978752141 209.75124752227816 262.42157303911432 275.96165741481349 304.85864993567884 353.94827445160541 422.78512202143901 498.08073834269186 586.64752960266787 577.82302533724032 660.56421669249414 1.7014100000000001E+038 317.65687266370912 251.42954924575892 131.69026125807358 126.74568428236763 129.6503970014727 130.06419126541462 122.30435299477307 117.48046394370779
7.2928224088537279 8.6562905563701058 10.677325400859575 14.111586565250807 19.287631227983788 25.33419467136607 25.810635191135958 36.858701990396575 38.674115427274678 48.288382129974991 58.178361079063478 76.292738783876914 87.394920843836317 96.379329989463145 98.00570721017985 104.01192328677578 110.94539859119132 124.36431396110908 134.82739733535684 152.71390588208757 192.63970785315163 208.56621307840314 305.51040021792107 353.42492080327281 399.99270223550167 436.82533131924413 489.7481905256144 547.36324491921562 618.34818901934784 675.15584051325948 711.19187223996164 762.41523067188473 720.81831842017721 1.7014100000000001E+038 411.48702153047185 254.09871296020341 134.82151421466378 136.86207549848106 139.07108638717057 143.48643547907307 140.94122198278239 130.79431835578373
7.3927870456683618 8.6424843828950717 10.065756390917995 12.662281991571106 16.790887534605833 22.505501544502671 25.644113028084362 41.435731782845181 50.510727260795228 60.000481296427985 67.509745450128293 79.769403664330454 90.027545054487774 93.245346074731344 99.446810119238236 104.13675212165353 110.77908949720242 123.46409850390108 132.13106031557658 165.33128786481936 240.8631103737431 321.88631590075659 447.46349441870706 513.53179290070602 564.03316536788361 635.23993704954353 708.19225784726575 779.54418537388665 823.5507180662288 828.41633762915615 826.88661942978774 834.5716864604409 898.60310393394457 1.7014100000000001E+038 433.28623072519508 261.51991988746101 206.41902912445482 167.27582974677759 168.15595856183285 172.04833644383461 170.95472942554272 146.83058782209201
7.0371121349909194 7.4376922600038338 8.3498953993108422 9.8562391443722426 12.760591756105875 16.9421417903582 20.496688377551482 49.136327868701464 61.119782146306342 67.413540992035877 74.659314692611048 79.899855956835182 86.477488472805803 89.319949447900228 92.513921770826229 99.066247348008815 108.73477907021164 118.64917777971344 157.35130565792915 183.7107417474202 448.72885730451361 544.4404242300601 606.22801449892222 674.89152769111331 752.12943430590008 844.08306866005751 944.81342324193508 1009.8724554132033 1008.8341671619892 973.84365891052232 906.75196746573897 905.09307344626939 942.3719624986752 1.7014100000000001E+038 534.53967912425128 331.36704974733362 219.27686020621812 179.82274625038576 186.87143859366702 183.21966448636309 178.61702031314786 168.54375027426516
6.3325935357153247 6.2731444527840647 6.6824234894674328 7.5298648696914379 10.029091346282527 13.480776881020024 18.113058086000432 59.176338212837173 67.284657786978599 76.417177002095897 78.632573310160666 78.977265864243861 77.430945562934653 78.606344193317241 81.436869444061116 90.305482876486465 101.85545318812626 117.15193424709996 179.12015980322096 262.01333226850369 584.30656706238199 726.73210645437632 811.93861757830223 857.58722827236943 893.37154359462318 1022.9186782318967 1147.6487593764566 1225.0813009952467 1190.5778250838327 1089.0742027306749 1015.7232249031042 992.97449298533309 993.68101662516733 1.7014100000000001E+038 611.5161436160206 340.33192273071575 220.66913838627633 192.81636375976305 187.53573292826081 183.55784654762462 198.53002858150103 178.64164250901453
4.4955169320588073 4.5705534506266945 4.9378051497688586 6.4117506757948988 8.7234234386800278 12.448982695272065 15.991994502980287 54.083073992185682 79.611089506148517 81.448118417327606 84.108612452486511 87.607807072520231 83.061297806762994 81.124465507487471 83.745079932199062 88.094287832904527 91.545049273023182 117.10764456549177 196.68954532264763 273.26433767800683 817.97753294180313 987.40081698748133 1075.2576725066085 1127.721181784033 1179.6917659569003 1287.0716375569882 1450.5971615067442 1471.2522231426506 1369.0677499564388 1231.1248390789265 1127.5759799861428 1067.7253907675299 1051.0117811567877 1.7014100000000001E+038 1.7014100000000001E+038 354.71636090715288 250.41644487287965 201.47031919084245 203.55601674139029 214.14660164800824 206.34635028696616 187.2863347373054
0 3.4286006459052487 4.1582410128112697 5.5129661144542439 7.9909512157642526 11.364861660373828 14.535044982056792 64.70847788413657 67.262083678505661 87.021452396987442 90.6245560187092 94.174557825865463 94.769207883114603 95.336637163053354 94.895381506112315 94.317534939696529 94.736650118148603 149.4191379817043 187.44242737979809 322.06834239546453 852.54127913094203 949.91076866164713 1004.9326662194909 1090.0473633821039 1135.2078039628968 1232.4932949203837 1378.8078689016365 1442.3051203353841 1389.3389335394725 1284.7827466634285 1197.8223762487162 1141.099515497129 1112.0901621792152 1.7014100000000001E+038 1.7014100000000001E+038 511.25977907938437 280.83287334984624 188.92799043810342 176.2113263160291 204.11050835990847 203.96890844138477 201.80557481001455
0 0 3.8152424028915597 5.3361402353532643 7.4153375181257051 10.380233945241509 1.7014100000000001E+038 54.84785537164889 76.768402385148065 81.769136668010461 93.152485513599416 100.68304216962134 104.94609618585352 107.44267696574053 105.09746751989645 100.83632760387255 93.275465022336732 166.21558397672723 234.91602692036534 344.92105096916771 789.6524324055498 881.27555657492576 932.57163608139672 980.79955333413557 1046.1690464288827 1120.4046994688688 1265.9822513551283 1350.724525598205 1355.4695765060283 1304.2889426056172 1245.0607286754278 1196.9903973402086 1163.0326162878284 1.7014100000000001E+038 1.7014100000000001E+038 1.7014100000000001E+038 261.02046141035356 195.34437973346198 194.34021666695216 203.13005377744679 216.73815737481812 229.15273630824947
1.7014100000000001E+038 1.7014100000000001E+038 0 0 0 9.6570585616606905 1.7014100000000001E+038 62.222655341110688 68.050635761452568 92.891556481966845 92.665046163784339 94.86078331356164 98.720946260515902 100.31389013073886 98.80896222653989 94.954659590414821 120.35116247390263 211.8369722683278 272.39535991113547 394.19385425530771 722.07475923510049 768.51259798389515 843.31581381414401 897.75798124413632 960.50656449753455 1050.4179954764877 1125.9871562684668 1236.8587542524231 1266.2843202243009 1267.3074315791173 1266.9417148502994 1233.3389508618448 1200.4367193390617 1.7014100000000001E+038 1.7014100000000001E+038 1.7014100000000001E+038 232.0489285450162 219.23411563576613 213.05504320182877 219.08670640307395 230.78085489206592 243.97538118561505
0 1.7014100000000001E+038 1.7014100000000001E+038 1.7014100000000001E+038 0 1.7014100000000001E+038 1.7014100000000001E+038 75.111223540966222 92.273568238201989 85.32124957400039 89.133339287330571 89.792591443090032 89.156070307833588 88.796489724791854 89.11650527246492 89.763603754163213 194.84266238068668 264.4901539463487 352.20213007520971 451.52291766377868 663.10147176505313 738.34424585530951 781.77670267522672 799.91327531916238 869.3989850576603 951.7313299973581 1046.3386050506128 1091.6320140193429 1180.7965109518072 1236.3448910753948 1272.916159743563 1254.4046983900075 1.7014100000000001E+038 1.7014100000000001E+038 1.7014100000000001E+038 1.7014100000000001E+038 217.72685223263221 219.15854602465274 212.23554185997278 215.98204105523592 222.15489088852232 236.38614569098405
1.7014100000000001E+038 1.7014100000000001E+038 1.7014100000000001E+038 1.7014100000000001E+038 1.7014100000000001E+038 1.7014100000000001E+038 1.7014100000000001E+038 95.856680219120662 99.122273586859663 88.916607239927245 85.238494390309924 81.710019361113581 78.144508260451843 75.821118451334087 99.805768691485724 134.2368569363754 208.48887657163993 292.93201064068325 386.07325841822808 467.6995226392138 643.43924151716863 683.71975405359672 685.65123846718882 742.73596116963472 778.08226981064809 865.56632691198035 949.12360930719854 1029.9024839125498 1159.0248309295634 1156.3619884718007 1293.1085019709376 1265.5947184007787 1.7014100000000001E+038 1.7014100000000001E+038 1.7014100000000001E+038 1.7014100000000001E+038 228.17150481144142 201.41712963374508 188.96922826031138 188.90170468095522 192.91959759224849 196.985542307293
