data/gardner18po_fig3c.asc
ncols 361
nrows 169
xllcorner -180.5
yllcorner -78.5
cellsize 1
nodata_value 1.7014100000000001E+038
[rows 115 to 137 of 169, columns 265 to 317 of 361]
5.9159069435400644 5.4199244961206299 4.395876008723028 3.5881770286431252 3.619330044022544 3.4382296984533562 2.2951899010174825 1.6778527466462476 1.358356039135437 1.0889471927203229 0.91834337062903459 0.57161662626335485 0.67439097711024765 0.84193316558050701 1.0125289029013285 1.1704207511573244 1.2989908591347734 0.9970145977338265 6.8508896913309627 8.2279359494286819 9.9969269518534034 11.737902360207384 14.380348850574912 17.06580823293443 23.981621467798288 29.445366430408658 36.558560716284894 40.14046581048899 36.787334459856382 32.813271969596641 30.357181505106936 29.468993973189761 30.21688182284127 32.337093244737702 34.654054340497765 39.64206298182296 59.916153269873888 0 1.7014100000000001E+038 1.7014100000000001E+038 1.7014100000000001E+038 1.7014100000000001E+038 1.7014100000000001E+038 1.7014100000000001E+038 1.7014100000000001E+038 1.7014100000000001E+038 1.7014100000000001E+038 1.7014100000000001E+038 1.7014100000000001E+038 1.7014100000000001E+038 1.7014100000000001E+038 1.7014100000000001E+038 1.7014100000000001E+038
4.1342305154465739 3.2991421002947754 2.264025224713043 2.4355862166240123 2.5996553944292002 1.9438917980247625 1.9267642098074778 1.7237629983844671 1.3713746131146856 1.0329221780895417 0.88576564108412092 0.42765481031564595 0.45292170158661887 0.54241480509709972 0.80625518310072153 0.91499194604129208 0.63015202281951155 0.71463564975786664 2.5007614171041759 7.2221213138387856 8.7612984122738347 10.421271945333975 12.599056442525477 19.005337759913377 22.990621389471258 28.175090600416734 33.888174756657364 36.996267636911028 35.253803093502917 32.886758470792806 31.694905083605011 31.519302169338498 32.498267654015457 34.106660029684008 36.882789148204189 41.198243887813327 50.899478356409261 47.445085342919263 1.7014100000000001E+038 1.7014100000000001E+038 1.7014100000000001E+038 1.7014100000000001E+038 1.7014100000000001E+038 1.7014100000000001E+038 1.7014100000000001E+038 1.7014100000000001E+038 1.7014100000000001E+038 1.7014100000000001E+038 1.7014100000000001E+038 1.7014100000000001E+038 1.7014100000000001E+038 1.7014100000000001E+038 1.7014100000000001E+038
3.0701181455709721 2.2637006382089702 1.7144364795172473 1.9027279483474457 1.7523796247144374 1.7959763648620788 1.8546944012316107 1.4835757938933116 1.3751726578230081 1.0059778210361539 0.80235790390920481 0.7813889945408844 0.31616217313049605 0.37081337241754603 0.16286245223038812 0.19125346399069371 0.45162683092436845 0.49562982656274657 1.9583874132431023 5.9073236765428465 6.9975988177399664 8.4069952172943836 10.254599473450986 16.503466286520432 19.844538533136607 23.879602610703909 28.074361759866385 30.598235644586364 30.88795876403157 30.637612115268009 31.300191716206953 32.695008540544819 34.135598515623379 36.013766422223135 38.774401221214362 42.875455348680326 50.797279188952594 1.7014100000000001E+038 1.7014100000000001E+038 1.7014100000000001E+038 1.7014100000000001E+038 1.7014100000000001E+038 1.7014100000000001E+038 1.7014100000000001E+038 1.7014100000000001E+038 1.7014100000000001E+038 1.7014100000000001E+038 1.7014100000000001E+038 1.7014100000000001E+038 1.7014100000000001E+038 1.7014100000000001E+038 1.7014100000000001E+038 1.7014100000000001E+038
2.2872564476132951 1.4831989685471985 1.5380204017174823 1.4159816930783935 1.7033288142701732 2.1464125598594022 2.2489561599172414 1.9253039186632477 1.4046962279895816 0.95801604681915542 0.70871004287492412 0.63987131852974599 0.64690728982625822 0 0.068297420952409177 0.13483184095230516 0.14218029759554154 0.33305784943019873 0.39418727762269262 4.3914197345867629 5.1907118832864301 6.193753497730393 10.93306371288435 13.210493716298146 15.778875924312006 18.848501097418325 22.027220053446005 25.009237676042048 26.890617703898112 28.600611116163059 31.508416129576148 33.887957103342281 36.445068819841275 38.953023329557737 41.101474920792768 1.7014100000000001E+038 1.7014100000000001E+038 1.7014100000000001E+038 1.7014100000000001E+038 1.7014100000000001E+038 1.7014100000000001E+038 1.7014100000000001E+038 1.7014100000000001E+038 1.7014100000000001E+038 1.7014100000000001E+038 1.7014100000000001E+038 1.7014100000000001E+038 1.7014100000000001E+038 1.7014100000000001E+038 1.7014100000000001E+038 1.7014100000000001E+038 1.7014100000000001E+038 1.7014100000000001E+038
1.4438246094132241 1.457457451879304 1.2217567283134341 1.6636862920325495 2.354728225824247 3.0224854894157698 3.1174883447811221 2.56539005277746 4.5002472233393238 3.6447205118682224 3.1824545924536096 3.2962354832670564 3.6794581700345619 3.2770324933641497 3.3093297958554069 0.051525216064283529 0.094432932928976476 0.043814470504383508 0.21054822837933826 3.0240840710889749 3.5267425968118733 4.2068479119974374 8.2525289632923933 10.113087958035747 12.025763820016914 14.543682938309303 17.6340395334094 21.407085981428686 24.733568338456458 28.528041107071406 32.790983168928207 36.019576359993323 39.490474604782079 40.750108957419343 42.977265311781998 47.128461759570776 1.7014100000000001E+038 1.7014100000000001E+038 1.7014100000000001E+038 1.7014100000000001E+038 1.7014100000000001E+038 1.7014100000000001E+038 1.7014100000000001E+038 1.7014100000000001E+038 1.7014100000000001E+038 1.7014100000000001E+038 1.7014100000000001E+038 1.7014100000000001E+038 1.7014100000000001E+038 1.7014100000000001E+038 1.7014100000000001E+038 1.7014100000000001E+038 1.7014100000000001E+038
1.0629654196483689 1.2270846329284988 1.6191279363829922 2.3404715931421842 3.4893568177534209 4.5307434658147789 7.2727178672758397 6.6402277262825109 5.5611818639088577 4.5345311510555248 3.9610915207999984 4.0340372357223089 4.3431915147791686 3.8856219217671515 0 0 0 0.027237776524235729 0.03679733304391352 1.8344224289119446 2.2710770980381336 4.801630168015266 6.043974068594971 7.6011208765504046 9.4056388407825224 11.709313319456932 15.018505984173096 19.202221584955847 24.349048453813602 30.226163490730656 36.178249599053487 40.457602931939405 42.590998637425784 43.594309793798622 46.487189867207668 1.7014100000000001E+038 1.7014100000000001E+038 1.7014100000000001E+038 64.161557129574476 106.1612734381678 1.7014100000000001E+038 1.7014100000000001E+038 1.7014100000000001E+038 1.7014100000000001E+038 1.7014100000000001E+038 1.7014100000000001E+038 1.7014100000000001E+038 1.7014100000000001E+038 1.7014100000000001E+038 0 0 1.7014100000000001E+038 1.7014100000000001E+038
1.2540647138364815 1.525276008874406 2.1058696994782253 4.7604422141697063 6.9299058385654728 9.0562198028235734 9.1626647507389745 7.928977372465261 6.6426362575782232 5.5621241153704872 4.9445436328816132 4.9828679278210464 5.1575887708728274 4.4332520809914255 3.7292954266546952 2.9620090414767177 2.2956258567237753 0.021738067670887571 0.026827819546142408 0.39694103272839848 3.011390971871859 3.8283077214298182 4.8933750576648558 6.1813955669655849 7.7426979915286074 9.9580735419745547 13.208883351778624 17.759445338797494 24.278132104059875 32.86869423547703 41.863503769368805 46.752415316518508 47.231735221869599 46.7471278295479 49.965271263765757 1.7014100000000001E+038 1.7014100000000001E+038 51.525366388167598 61.566377128393434 82.702527505358162 1.7014100000000001E+038 1.7014100000000001E+038 1.7014100000000001E+038 1.7014100000000001E+038 1.7014100000000001E+038 1.7014100000000001E+038 1.7014100000000001E+038 1.7014100000000001E+038 1.7014100000000001E+038 0 0 0 1.7014100000000001E+038
1.5204557744955842 3.5110944497928531 4.3674419089883676 5.9387768558957603 8.4585727878767845 10.694947121579659 10.32053076462156 8.7760197425340323 7.6598203025181517 6.8454415293854147 6.3344608834105056 6.320954629366617 6.2167319803684027 5.0938861820575738 3.9685078749743687 2.9410538565567781 2.2714080390860909 0.019445180525028468 0.025110689119504415 0.033528436239173683 1.9826589173488793 3.6756729279756479 4.6130286554225348 5.8879094921638027 7.4168777365322862 9.5173234691766133 12.767548705942096 17.410768563232978 24.84908378647647 35.841961450690015 48.233517135837381 53.619057993280698 52.525283031106511 51.09136560375385 43.995073675628184 1.7014100000000001E+038 1.7014100000000001E+038 50.219207954670935 58.632896295823649 76.426586093541374 1.7014100000000001E+038 1.7014100000000001E+038 1.7014100000000001E+038 1.7014100000000001E+038 1.7014100000000001E+038 1.7014100000000001E+038 1.7014100000000001E+038 1.7014100000000001E+038 0 0 0 0 0
1.8636279885367759 4.6178559575480866 5.6216916727253041 7.1367384412081334 9.2727506813302369 10.880367572641687 10.638628808284707 9.6662025693460656 9.1773724162863104 8.9361002416497239 8.6715085374510963 8.4459337470831759 7.7379095534971967 6.0098016277414912 4.4679869102409446 3.3054247805759895 2.6022350263109848 2.203434487947173 1.947614188534043 0.038436379988730271 1.9663404884461544 2.5279384934617815 5.0647665174690921 6.2144160039885401 7.755618281802481 9.8887587492187343 13.208121256537451 18.234068722725819 25.973205954537487 37.627996452028668 50.54737287742573 55.480431737747907 53.372128080882831 47.783849004085504 1.7014100000000001E+038 1.7014100000000001E+038 46.96966111095999 48.475370110847933 55.595552639882392 66.616005911576565 1.7014100000000001E+038 1.7014100000000001E+038 1.7014100000000001E+038 1.7014100000000001E+038 1.7014100000000001E+038 1.7014100000000001E+038 1.7014100000000001E+038 0 0 0 0 0 0
2.2123562454226802 6.0190848873420277 7.2816323833030658 8.7881906967387771 10.316907445143334 11.190072416975319 11.480573330360839 11.748493957150867 12.532659863807202 13.428914342828216 13.56490923606704 12.545846543256497 10.401927956715864 7.5867223692722607 5.5371860362497181 4.170566045256737 3.3701003348398286 2.8726600004925129 2.5438973563672072 2.2933372792704159 2.4120813650239019 3.0758625756898752 3.8721764168240469 4.8951733649520408 8.1665429003297128 10.140959351070103 13.654415038344467 18.819688451774631 26.154721060121972 35.981538802011436 45.535986255124072 48.597252789400649 47.954750839062378 45.460738853973666 44.262764785238865 1.7014100000000001E+038 46.232861288993746 48.40726380754743 54.194980311230701 68.271369787556395 1.7014100000000001E+038 1.7014100000000001E+038 1.7014100000000001E+038 1.7014100000000001E+038 1.7014100000000001E+038 1.7014100000000001E+038 1.7014100000000001E+038 0 0 0 0 0 0
2.4041326624476604 7.1538851856257155 8.4607915584360409 9.9525585636396983 11.160454710824792 12.221042575406674 13.091870760125113 14.92402393131378 18.14515341588465 22.109684720704287 23.754502345835736 20.46401194423191 15.085101027437537 10.303367855811944 7.3538161052143378 5.5323330209453951 4.398836707489723 3.6904584026009295 3.1950525651871495 2.8484608803679308 0.069873253822288317 3.5370346003904496 4.3734830186838138 5.3266582603414365 6.4122530265168143 8.1740964746618019 11.507803413046215 16.709071761404104 23.034481520713634 29.91002342746545 36.15149864005916 40.031750262832801 40.918116441300207 40.640041111729758 1.7014100000000001E+038 43.10224851892773 45.882935899402213 47.687814932647981 50.480437848810766 73.741523352401515 0 1.7014100000000001E+038 1.7014100000000001E+038 1.7014100000000001E+038 1.7014100000000001E+038 1.7014100000000001E+038 0 0 0 0 0 0 0
2.562158006011058 8.3367658708186436 9.7033719858879195 11.04508511522814 12.414971749286535 13.387970165266365 14.994564248930907 17.835032916243804 23.157736273898919 30.433530098849022 34.181067013260588 28.313776378272376 19.620050745007653 13.079806750689674 9.3031937484125287 7.014888551280583 5.4803996265668298 4.4145639458925183 3.7490970577266332 3.301820743706104 3.0964017775796253 3.8631408166408785 4.6695247799491533 5.5432972952441979 6.4103604251687694 7.9824869305244928 10.863402604693288 15.158078324265441 19.890423867495254 24.264619832912793 27.829451831604008 30.985025525501015 33.282181903303211 35.987514032365603 1.7014100000000001E+038 41.63475128416718 43.078486164191688 45.363026647667994 50.064352842918886 93.35055132621261 0 1.7014100000000001E+038 1.7014100000000001E+038 1.7014100000000001E+038 1.7014100000000001E+038 1.7014100000000001E+038 0 0 0 0 0 0 0
2.6527640680113964 9.2575035130147647 10.549529005283372 11.680093783203633 12.853231924928894 14.438950523968545 16.179811410954507 20.952765960424994 23.43871340126022 28.683248018855572 30.86790477449911 26.620190701451577 19.855614985503674 13.888066143383655 10.329666675296657 8.0003102052438653 6.2298744975899156 4.9395214636500739 4.0937586839413038 3.6015593359837177 0.070627910046787271 3.9959180832783292 4.8506073198883 5.7431488472666929 6.5532755367214142 8.0661864750100882 10.498195081624894 13.691216533771687 16.819338324106905 19.236738632085792 21.254707267358423 23.751848576673602 27.356549380176006 30.1190454661205 32.621683840083371 38.336675789942426 39.903238077669293 42.50599499551106 49.374324774856341 0 0 1.7014100000000001E+038 1.7014100000000001E+038 1.7014100000000001E+038 1.7014100000000001E+038 0 0 0 0 0 0 0 0
2.8369954332228664 10.173601721057704 11.097874684389547 11.794679249591191 19.140008498479457 23.538370967459674 24.516538529812383 25.296003599796848 25.780031194975972 25.826236924107349 25.171457348022496 21.106741502236385 16.182021561789789 12.879307205318899 9.9887312735196687 8.0630533464705927 6.4872210361091831 5.2283598626664016 4.2451240670805728 3.7609287617240104 0.066263883989470515 0.080222477608666687 4.8287586220189445 5.7298943504715441 6.8514006299922654 8.1520654837781539 10.081559555308285 12.220286101183671 14.163647936537542 15.318443676191585 16.520645337846219 19.135790373122298 22.645213569798582 26.327209632025976 29.006359190828366 35.371052044528135 37.567224841096234 42.06355194341338 60.699037439946245 0 0 1.7014100000000001E+038 1.7014100000000001E+038 0 0 0 0 0 0 0 0 0 0
23.003567015466537 25.423506969047192 30.321545347081372 45.100464087240539 44.456386272965439 54.214981043116843 44.261086470046443 39.797462754014084 34.726013833912361 23.888088139335544 21.523090374450156 18.974201524611082 16.979253059738852 13.160392623793406 9.1774302041292586 7.5330663688825901 6.324510711391472 5.2926302691404752 4.3194873964857115 3.7154049569458696 0.059741035068735154 0.074408156377820667 0.085272488972726546 5.5666477149400251 6.5208148921813951 7.5174443519858754 9.10173559461753 10.946002402615548 12.284947133511787 12.562375668063051 13.714971956939884 16.106840683487761 19.776962956037281 23.40324904807424 26.660463672310275 31.984373115486115 35.121735178034243 41.072377845748285 0 0 0 0 0 0 0 0 0 0 0 0 0 0 0
52.044755109405166 48.424192285387697 84.615522882142429 86.87708901602312 98.223248850851633 91.328154378731128 80.593049461131613 67.317743836899467 51.026715100341875 36.202760235668052 26.592986601294403 23.066206166922669 20.054531336764992 16.731848345402877 14.402296141042426 10.393509243023306 7.938922555647884 5.2150518858714827 4.4056896040787237 3.7300420865446799 0 0.067752348707776355 0.081974980789240232 0.2529411974589737 6.1849391398712061 7.0797112736965611 8.2185396691979538 9.7464234299972787 10.634632661237044 10.735697942901071 11.850502831704572 14.330528646963511 17.405838111412407 20.600201797690964 24.535724368376421 30.032275774344672 35.190401487786168 0 0 0 0 0 0 0 0 0 0 0 0 0 0 0 0
97.384865979439581 182.68260393569946 179.75937405175537 184.40265710360225 170.86502113076261 162.16055457952424 135.06133418947638 111.62522527786514 82.091485151529099 54.385986708538226 37.22110020800541 33.756623576707732 28.810897091870082 22.224487849230368 19.265363335224571 16.672924195215849 13.034378056518349 7.6460197801198229 4.7277094900769328 0 0 0 0.089116099005809621 0.10094358081094452 0.095206752121348132 6.7490570409823336 7.7077384608245403 8.8319251087660895 9.6159913591829813 9.8985570978069912 10.890682121113523 12.907625643119083 16.023086151648911 19.173865824466088 22.969409905292746 32.671619485746824 0 0 0 0 0 0 0 0 0 0 0 0 0 0 0 0 0
526.87918819621336 353.08573185376559 342.14239713482732 310.92728962094037 267.74880820778367 238.044324183914 191.44748251710885 156.2530329402976 114.6222242925282 78.133721705854555 61.303526402051872 52.33177994396118 47.128501374228293 39.491195967939618 25.846156756485804 22.258499628926693 18.960678344247171 10.860177859489646 5.8930960775459553 0 0 0 0 0 0 0 0 8.4462939996613997 9.0343229196009034 9.2690767734204691 10.421810129042228 12.358379673924114 15.318656325258596 21.869052627563565 0 0 0 0 60.418710629014974 65.743495557649197 87.298948194694162 79.711595344103756 79.106737915490186 73.559642834005544 69.925765639128372 57.86516756350057 0 0 0 0 0 0 0
675.52316235910655 467.8604274675132 420.34702359791032 387.26287240229652 355.71415915671605 320.86974200237751 264.7305929100952 214.15773030646054 158.44028363124053 112.03502797765117 82.999201637360741 74.446120326363143 70.300281042373442 61.137907304724365 39.627014003487574 29.467184629608674 22.17824577344868 16.933896329338982 3.5701224289725904 0 0 0 0 0 0 0 0 0 0 0 0 0 0 0 0 0 41.929838781116423 49.788418720712166 57.66187702383516 72.419543894878842 82.680142883056959 78.70648232076698 80.376383941314558 77.403806979308584 74.875549827489579 63.223195957430363 60.873129710373455 6.3587694337950778 6.1642584254361816 5.3840505601030308 4.5739213341828 3.9396185988475434 22.285895647679599
768.15257148751152 613.29179027285124 558.39552655067814 501.44187426743122 457.76878168635506 406.31501847392587 340.55960538636259 277.85999564325255 211.57724636434395 153.09935060867636 122.55873844088293 105.95002052917761 104.38066823199004 94.542919627779824 77.187855887808354 46.924460374794741 30.810691612579163 22.23216303989215 12.353416514401452 6.1075806631097418 17.700866289294741 6.5779956609122747 5.9872789500221382 0 0 0 0 0 0 0 0 0 0 0 0 34.558027060815675 41.398982405333157 47.261227778645782 56.21038351830785 68.274932234060998 72.792878282122274 76.6230238968799 80.228762429945988 77.146426969360462 78.369576103795836 74.041916963131996 64.507993925246168 52.684980243155636 42.485391000561826 5.6743196649754042 4.743066046380723 23.950810195444699 27.577150347631679
896.20186636297819 739.90603012072086 671.29723344354477 643.51126166473091 591.17042981086172 522.46854470978053 451.58961400008207 361.61987108188549 274.12114185105469 204.33372182803555 164.88141327517056 148.81942413058695 140.52140665969225 129.70169708753684 96.04488808533884 58.115863384086893 39.778874544791613 32.875248691512304 24.293706533677565 19.230106554522745 21.403476443245911 20.170541850095976 18.411976681143177 17.315151020104331 15.842397901656744 0 0 0 0 0 0 0 0 0 27.187523869325023 32.474694845268957 38.990021113540784 47.77967846494672 55.326579798957674 64.177415421215031 68.904298269608148 73.937860402620302 79.477648188588006 81.833080635762443 85.267827792212955 86.185928607689789 68.673386171778986 54.910781173303434 41.088561576315151 31.616587918281251 5.367772172542824 26.137917168966553 33.984615989494387
992.42817711179873 843.48145990073726 784.77849379427596 759.63102838730367 727.6006561228379 667.38329500266082 569.29071344773456 463.87923980163845 360.88782627748054 273.32293991040791 226.53894041943198 198.25244027641475 183.15112402616313 158.3615320078525 124.29747693851665 85.974512928895166 57.079478701287115 39.302602292635363 34.39277553965298 26.629059027698563 24.999877093978224 23.826751267457471 22.142141716774187 20.99854757944809 19.07460296937797 17.06049835471919 0 0 0 0 0 0 0 25.243660528605343 27.523687987756144 31.501025860223464 40.50705587341691 48.648275583770769 55.564033454261534 61.887448852849353 66.36932018502209 72.593552177379067 79.195192088800766 91.282105170452084 93.466552961848478 89.427325452943847 77.405057482360874 59.364398859321852 43.748777269616575 34.556957990481266 18.927606311382931 30.990854838545044 41.914021580466681
1108.693582946102 1024.9077616098577 957.03799270006698 917.8754471690753 885.98345800382106 822.36086368777239 710.1199806886483 587.83126871556135 464.90860772714973 374.04021586275888 307.15474274635039 271.82172563057782 237.93251131841743 202.16988242888456 161.64470078789967 102.0039460708746 64.363027687530561 45.644103656105735 41.79534198431508 34.185858098868692 31.680377111392946 29.854810872093921 29.111087067330498 26.713301187206017 23.27485222148027 20.385798979717165 19.727075507119697 13.882304787378057 0 0 0 0 0 26.685646804050425 30.347963163563875 36.523692426656162 43.885181311762416 50.537487261836972 53.80086013704814 58.3013617796963 67.057730179142169 72.890917347909991 85.023543751925018 99.011624231950009 103.80684004838338 101.18176282011716 86.273487993616442 68.028712495121127 51.732134426943475 41.113892698973885 48.040668348123603 38.646021458260726 52.573862756598871
